 6 64 -0.02 0.75 1 -1 1
 0 0 -0.0139844 0 0 0 0
 0 0 -0.0139844 0 1 0 0
 0 0 -0.0139844 0 2 0 0
 0 0 -0.0139844 0 3 0 0
 0 0 -0.0139844 0 4 0 0
 0 0 -0.0139844 0 5 0 0
 1 0 -0.00195312 0 0 -8.8 8.6
 1 0 -0.00195312 0 1 -5.408 5.132
 1 0 -0.00195312 0 2 -2.476 2.168
 1 0 -0.00195312 0 3 -2.052 2.994
 1 0 -0.00195312 0 4 -7.154 7.976
 1 0 -0.00195312 0 5 -12.26 12.97
 2 0 0.0100781 0 0 -8.212 9.806
 2 0 0.0100781 0 1 -5.496 6.474
 2 0 0.0100781 0 2 -1.736 3.048
 2 0 0.0100781 0 3 -2.052 2.994
 2 0 0.0100781 0 4 -7.154 7.976
 2 0 0.0100781 0 5 -12.26 12.97
 3 0 0.0221094 0 0 -8.475 9.77
 3 0 0.0221094 0 1 -5.192 6.912
 3 0 0.0221094 0 2 -1.308 3.62
 3 0 0.0221094 0 3 -2.052 2.994
 3 0 0.0221094 0 4 -7.154 7.976
 3 0 0.0221094 0 5 -7.12 12.89
 4 0 0.0341406 0 0 -8.96 9.96
 4 0 0.0341406 0 1 -4.992 7.248
 4 0 0.0341406 0 2 -0.792 4.122
 4 0 0.0341406 0 3 -2.052 2.994
 4 0 0.0341406 0 4 -2.168 12.792
 4 0 0.0341406 0 5 -7.14 17.935
 5 0 0.0461719 0 0 -8 10.2
 5 0 0.0461719 0 1 -4.34 7.36
 5 0 0.0461719 0 2 -0.18 4.99
 5 0 0.0461719 0 3 2.925 2.9485
 5 0 0.0461719 0 4 -2.168 12.792
 5 0 0.0461719 0 5 -7.14 17.935
 6 0 0.0582031 0 0 -7.74 10.74
 6 0 0.0582031 0 1 -3.68 8.78
 6 0 0.0582031 0 2 0.499 5.572
 6 0 0.0582031 0 3 2.913 7.987
 6 0 0.0582031 0 4 -2.168 12.792
 6 0 0.0582031 0 5 -7.14 17.935
 7 0 0.0702344 0 0 -7.96 10.74
 7 0 0.0702344 0 1 -3.606 8.606
 7 0 0.0702344 0 2 1.272 6.287
 7 0 0.0702344 0 3 2.913 7.987
 7 0 0.0702344 0 4 -2.168 12.792
 7 0 0.0702344 0 5 -7.14 17.935
 8 0 0.0822656 0 0 -7.8 10.6
 8 0 0.0822656 0 1 -3.22 8.96
 8 0 0.0822656 0 2 1.699 6.829
 8 0 0.0822656 0 3 -2.104 7.988
 8 0 0.0822656 0 4 -2.168 12.792
 8 0 0.0822656 0 5 -2.26 22.97
 9 0 0.0942969 0 0 -7.03 11.03
 9 0 0.0942969 0 1 -2.792 9.592
 9 0 0.0942969 0 2 2.227 7.412
 9 0 0.0942969 0 3 2.913 7.987
 9 0 0.0942969 0 4 2.832 17.792
 9 0 0.0942969 0 5 -2.26 22.97
 10 0 0.106328 0 0 -7.21 11.71
 10 0 0.106328 0 1 -2.432 9.978
 10 0 0.106328 0 2 2.78 7.88
 10 0 0.106328 0 3 2.913 7.987
 10 0 0.106328 0 4 2.832 17.792
 10 0 0.106328 0 5 1 22.855
 11 0 0.118359 0 0 -7.208 11.8
 11 0 0.118359 0 1 -2 10.276
 11 0 0.118359 0 2 3.3 8.5
 11 0 0.118359 0 3 7.956 12.801
 11 0 0.118359 0 4 2.832 17.792
 11 0 0.118359 0 5 2.88 24.5
 12 0 0.130391 0 0 -5.82 12.03
 12 0 0.130391 0 1 -1.824 10.848
 12 0 0.130391 0 2 3.777 9.087
 12 0 0.130391 0 3 7.956 12.801
 12 0 0.130391 0 4 2.832 17.792
 12 0 0.130391 0 5 2.86 27.935
 13 0 0.142422 0 0 -6.1 11.1
 13 0 0.142422 0 1 -0.69 10.49
 13 0 0.142422 0 2 4.492 9.364
 13 0 0.142422 0 3 7.956 12.801
 13 0 0.142422 0 4 7.928 17.904
 13 0 0.142422 0 5 2.86 27.935
 14 0 0.154453 0 0 -6.21 12.495
 14 0 0.154453 0 1 -0.52 11.448
 14 0 0.154453 0 2 4.8 10.08
 14 0 0.154453 0 3 7.956 12.801
 14 0 0.154453 0 4 7.832 22.968
 14 0 0.154453 0 5 2.86 27.935
 15 0 0.166484 0 0 -5.042 12.07
 15 0 0.166484 0 1 0 11.4
 15 0 0.166484 0 2 5.6 10.635
 15 0 0.166484 0 3 7.956 12.801
 15 0 0.166484 0 4 7.832 22.968
 15 0 0.166484 0 5 7.88 27.855
 16 0 0.178516 0 0 -5.1 13.3
 16 0 0.178516 0 1 0 12.462
 16 0 0.178516 0 2 6.078 11.496
 16 0 0.178516 0 3 7.956 12.801
 16 0 0.178516 0 4 7.832 22.968
 16 0 0.178516 0 5 7.88 29.5
 17 0 0.190547 0 0 -4.33 13.415
 17 0 0.190547 0 1 0.134 12.73
 17 0 0.190547 0 2 6.82 11.98
 17 0 0.190547 0 3 12.713 17.846
 17 0 0.190547 0 4 11.8 22.892
 17 0 0.190547 0 5 7.71 32.505
 18 0 0.202578 0 0 -4.96 13.96
 18 0 0.202578 0 1 0.584 13.432
 18 0 0.202578 0 2 7.362 13.038
 18 0 0.202578 0 3 12.713 17.846
 18 0 0.202578 0 4 12.744 22.892
 18 0 0.202578 0 5 12.61 32.62
 19 0 0.214609 0 0 -4.565 13.885
 19 0 0.214609 0 1 0.864 13.536
 19 0 0.214609 0 2 8.113 13.305
 19 0 0.214609 0 3 12.713 17.846
 19 0 0.214609 0 4 12.646 27.954
 19 0 0.214609 0 5 12.61 32.62
 20 0 0.226641 0 0 -3.62 14.24
 20 0 0.226641 0 1 2 14.096
 20 0 0.226641 0 2 8.9 13.892
 20 0 0.226641 0 3 12.713 17.846
 20 0 0.226641 0 4 12.646 27.954
 20 0 0.226641 0 5 12.53 37.47
 21 0 0.238672 0 0 -3.618 14.812
 21 0 0.238672 0 1 2.216 14.728
 21 0 0.238672 0 2 9.448 14.6
 21 0 0.238672 0 3 12.713 17.846
 21 0 0.238672 0 4 12.646 27.954
 21 0 0.238672 0 5 16 37.62
 22 0 0.250703 0 0 -2.82 15.03
 22 0 0.250703 0 1 2.936 15.006
 22 0 0.250703 0 2 10.185 15.025
 22 0 0.250703 0 3 12.713 17.846
 22 0 0.250703 0 4 12.646 27.954
 22 0 0.250703 0 5 12.53 37.47
 23 0 0.262734 0 0 -3.6 14.2
 23 0 0.262734 0 1 2.966 14.696
 23 0 0.262734 0 2 10.756 15.601
 23 0 0.262734 0 3 17.772 22.846
 23 0 0.262734 0 4 17.618 32.408
 23 0 0.262734 0 5 17.53 42.76
 24 0 0.274766 0 0 -3.03 15.24
 24 0 0.274766 0 1 4.124 15.74
 24 0 0.274766 0 2 11.406 16.336
 24 0 0.274766 0 3 17.772 22.846
 24 0 0.274766 0 4 17.618 32.408
 24 0 0.274766 0 5 17.53 42.76
 25 0 0.286797 0 0 -2.2 15.8
 25 0 0.286797 0 1 4.47 16.262
 25 0 0.286797 0 2 12.024 17.064
 25 0 0.286797 0 3 17.772 22.846
 25 0 0.286797 0 4 17.618 32.408
 25 0 0.286797 0 5 17.53 42.76
 26 0 0.298828 0 0 -1.248 15.84
 26 0 0.298828 0 1 5.496 16.656
 26 0 0.298828 0 2 12.992 17.752
 26 0 0.298828 0 3 17.772 22.846
 26 0 0.298828 0 4 22 32.416
 26 0 0.298828 0 5 22.61 42.62
 27 0 0.310859 0 0 -2.58 16.53
 27 0 0.310859 0 1 5 17.328
 27 0 0.310859 0 2 13.227 18.473
 27 0 0.310859 0 3 17.772 22.846
 27 0 0.310859 0 4 22.792 37.582
 27 0 0.310859 0 5 22.53 47.76
 28 0 0.322891 0 0 -1.2 16.6
 28 0 0.322891 0 1 6.06 17.676
 28 0 0.322891 0 2 13.956 18.896
 28 0 0.322891 0 3 17.772 22.846
 28 0 0.322891 0 4 22.792 37.582
 28 0 0.322891 0 5 22.53 47.76
 29 0 0.334922 0 0 -0.83 16.915
 29 0 0.334922 0 1 6.51 18.08
 29 0 0.334922 0 2 14.58 19.8
 29 0 0.334922 0 3 22.78 27.88
 29 0 0.334922 0 4 22.792 37.582
 29 0 0.334922 0 5 26 47.62
 30 0 0.346953 0 0 -1.9 16.3
 30 0 0.346953 0 1 6.366 18.234
 30 0 0.346953 0 2 14.826 20.496
 30 0 0.346953 0 3 22.78 27.88
 30 0 0.346953 0 4 22.792 37.582
 30 0 0.346953 0 5 27.78 52.005
 31 0 0.358984 0 0 -1.68 17.68
 31 0 0.358984 0 1 6.608 18.992
 31 0 0.358984 0 2 15.262 20.938
 31 0 0.358984 0 3 22.78 27.88
 31 0 0.358984 0 4 27 38.2
 31 0 0.358984 0 5 27.78 52.005
 32 0 0.371016 0 0 -1.68 17.9
 32 0 0.371016 0 1 7.08 19.592
 32 0 0.371016 0 2 16.285 21.7
 32 0 0.371016 0 3 22.78 27.88
 32 0 0.371016 0 4 27.792 42.582
 32 0 0.371016 0 5 27.78 52.005
 33 0 0.383047 0 0 -0.495 17.995
 33 0 0.383047 0 1 7.92 19.82
 33 0 0.383047 0 2 17.248 22.294
 33 0 0.383047 0 3 22.78 27.88
 33 0 0.383047 0 4 27.792 42.582
 33 0 0.383047 0 5 32.34 51.89
 34 0 0.395078 0 0 0 18.236
 34 0 0.395078 0 1 7.984 20.4
 34 0 0.395078 0 2 18.008 22.74
 34 0 0.395078 0 3 27.778 32.422
 34 0 0.395078 0 4 27.792 42.582
 34 0 0.395078 0 5 32.32 56.97
 35 0 0.407109 0 0 0.792 18.612
 35 0 0.407109 0 1 8.794 20.864
 35 0 0.407109 0 2 18.548 23.594
 35 0 0.407109 0 3 27.778 32.422
 35 0 0.407109 0 4 27.792 43.8
 35 0 0.407109 0 5 32.32 56.97
 36 0 0.419141 0 0 -0.36 17.885
 36 0 0.419141 0 1 8.528 21.072
 36 0 0.419141 0 2 19.013 24.205
 36 0 0.419141 0 3 27.778 32.422
 36 0 0.419141 0 4 32.26 47.56
 36 0 0.419141 0 5 37.36 62.14
 37 0 0.431172 0 0 1 19.6
 37 0 0.431172 0 1 9.576 22.248
 37 0 0.431172 0 2 19.995 25.187
 37 0 0.431172 0 3 27.778 32.422
 37 0 0.431172 0 4 32.26 47.56
 37 0 0.431172 0 5 37.34 57.12
 38 0 0.443203 0 0 2.168 19.256
 38 0 0.443203 0 1 10.39 22.09
 38 0 0.443203 0 2 20.728 25.801
 38 0 0.443203 0 3 27.778 32.422
 38 0 0.443203 0 4 32.26 47.56
 38 0 0.443203 0 5 37.34 58.5
 39 0 0.455234 0 0 1.32 20.46
 39 0 0.455234 0 1 10.45 23.35
 39 0 0.455234 0 2 21.12 26.688
 39 0 0.455234 0 3 27.778 32.8
 39 0 0.455234 0 4 32.26 49
 39 0 0.455234 0 5 37.36 62.14
 40 0 0.467266 0 0 2.3 19.9
 40 0 0.467266 0 1 11.196 23.076
 40 0 0.467266 0 2 21.648 27.152
 40 0 0.467266 0 3 32.38 37.48
 40 0 0.467266 0 4 37.376 51.996
 40 0 0.467266 0 5 42.38 62.16
 41 0 0.479297 0 0 2.3 20.3
 41 0 0.479297 0 1 11 23.9
 41 0 0.479297 0 2 21.783 27.717
 41 0 0.479297 0 3 32.38 37.48
 41 0 0.479297 0 4 37.376 51.996
 41 0 0.479297 0 5 42.24 67.18
 42 0 0.491328 0 0 1.54 20.46
 42 0 0.491328 0 1 11.422 23.832
 42 0 0.491328 0 2 22.568 28.603
 42 0 0.491328 0 3 32.38 37.48
 42 0 0.491328 0 4 37.376 51.996
 42 0 0.491328 0 5 42.24 67.18
 43 0 0.503359 0 0 2.29 21.425
 43 0 0.503359 0 1 12.194 24.832
 43 0 0.503359 0 2 22.984 29.303
 43 0 0.503359 0 3 32.38 37.48
 43 0 0.503359 0 4 37.376 51.996
 43 0 0.503359 0 5 42.38 71.28
 44 0 0.515391 0 0 3 21.6
 44 0 0.515391 0 1 12.62 25.22
 44 0 0.515391 0 2 23.983 29.848
 44 0 0.515391 0 3 32.38 37.9
 44 0 0.515391 0 4 42.496 52.8
 44 0 0.515391 0 5 47.46 71.26
 45 0 0.527422 0 0 2.82 22.18
 45 0 0.527422 0 1 13.008 25.392
 45 0 0.527422 0 2 24.841 30.259
 45 0 0.527422 0 3 37.42 42.52
 45 0 0.527422 0 4 42.39 57.01
 45 0 0.527422 0 5 47.46 71.26
 46 0 0.539453 0 0 4.47 22.74
 46 0 0.539453 0 1 14.344 26.448
 46 0 0.539453 0 2 25.928 31.115
 46 0 0.539453 0 3 37.42 42.52
 46 0 0.539453 0 4 42.39 57.01
 46 0 0.539453 0 5 47.46 71.26
 47 0 0.551484 0 0 3.68 22.16
 47 0 0.551484 0 1 14.172 26.2
 47 0 0.551484 0 2 26.377 31.982
 47 0 0.551484 0 3 37.42 42.52
 47 0 0.551484 0 4 42.39 57.01
 47 0 0.551484 0 5 51.82 76.47
 48 0 0.563516 0 0 4.6 22.084
 48 0 0.563516 0 1 15.19 26.89
 48 0 0.563516 0 2 27.513 32.587
 48 0 0.563516 0 3 37.42 42.52
 48 0 0.563516 0 4 47.496 56.904
 48 0 0.563516 0 5 51.82 76.47
 49 0 0.575547 0 0 6.14 23.565
 49 0 0.575547 0 1 15.194 27.832
 49 0 0.575547 0 2 27.812 33.252
 49 0 0.575547 0 3 37.42 42.52
 49 0 0.575547 0 4 47.404 62.196
 49 0 0.575547 0 5 55 76.39
 50 0 0.587578 0 0 4.26 23.37
 50 0 0.587578 0 1 15.352 28.024
 50 0 0.587578 0 2 28.82 33.98
 50 0 0.587578 0 3 42.48 47.58
 50 0 0.587578 0 4 47.404 62.196
 50 0 0.587578 0 5 56.82 81.47
 51 0 0.599609 0 0 4.89 23.61
 51 0 0.599609 0 1 15.85 28.75
 51 0 0.599609 0 2 29.2 35.152
 51 0 0.599609 0 3 42.48 47.58
 51 0 0.599609 0 4 51 62.16
 51 0 0.599609 0 5 56.82 81.47
 52 0 0.611641 0 0 5.005 24.14
 52 0 0.611641 0 1 15.92 29.68
 52 0 0.611641 0 2 29.616 36.161
 52 0 0.611641 0 3 42.48 47.58
 52 0 0.611641 0 4 51.84 67.14
 52 0 0.611641 0 5 56.82 81.47
 53 0 0.623672 0 0 6.14 24.59
 53 0 0.623672 0 1 17.38 30.12
 53 0 0.623672 0 2 30.397 36.432
 53 0 0.623672 0 3 42.48 47.58
 53 0 0.623672 0 4 51.84 67.14
 53 0 0.623672 0 5 61.85 81.65
 54 0 0.635703 0 0 6.716 24.2
 54 0 0.635703 0 1 16.826 29.606
 54 0 0.635703 0 2 30.613 37.145
 54 0 0.635703 0 3 42.48 47.58
 54 0 0.635703 0 4 51.84 67.14
 54 0 0.635703 0 5 61.995 86.505
 55 0 0.647734 0 0 6.716 24.2
 55 0 0.647734 0 1 17.966 30.662
 55 0 0.647734 0 2 31.697 38.158
 55 0 0.647734 0 3 47.1 51.884
 55 0 0.647734 0 4 56.79 71.24
 55 0 0.647734 0 5 65.5 86.65
 56 0 0.659766 0 0 7 24.8
 56 0 0.659766 0 1 18.232 31.322
 56 0 0.659766 0 2 32.507 38.717
 56 0 0.659766 0 3 47.516 51.884
 56 0 0.659766 0 4 56.79 71.24
 56 0 0.659766 0 5 67.075 86.65
 57 0 0.671797 0 0 6.005 25.57
 57 0 0.671797 0 1 18.432 32.292
 57 0 0.671797 0 2 32.907 39.393
 57 0 0.671797 0 3 47.516 51.884
 57 0 0.671797 0 4 56.79 71.24
 57 0 0.671797 0 5 66.925 90.575
 58 0 0.683828 0 0 6.97 25.66
 58 0 0.683828 0 1 18.464 32.296
 58 0 0.683828 0 2 33.518 40.03
 58 0 0.683828 0 3 47.516 51.884
 58 0 0.683828 0 4 56.79 71.24
 58 0 0.683828 0 5 66.925 90.575
 59 0 0.695859 0 0 7.22 25.71
 59 0 0.695859 0 1 20.602 32.662
 59 0 0.695859 0 2 35.062 40.87
 59 0 0.695859 0 3 47.516 51.884
 59 0 0.695859 0 4 61.956 71.244
 59 0 0.695859 0 5 71.075 90.425
 60 0 0.707891 0 0 7.8 26.6
 60 0 0.707891 0 1 20.336 33.4
 60 0 0.707891 0 2 35.476 41.732
 60 0 0.707891 0 3 51.82 56.92
 60 0 0.707891 0 4 61.976 76.256
 60 0 0.707891 0 5 70.995 95.505
 61 0 0.719922 0 0 7.47 26.37
 61 0 0.719922 0 1 20.89 33.724
 61 0 0.719922 0 2 36.328 42.152
 61 0 0.719922 0 3 51.82 56.92
 61 0 0.719922 0 4 61.976 76.256
 61 0 0.719922 0 5 76.075 95.425
 62 0 0.731953 0 0 8.4 27
 62 0 0.731953 0 1 22.072 34.4
 62 0 0.731953 0 2 37.513 42.882
 62 0 0.731953 0 3 51.82 56.92
 62 0 0.731953 0 4 66.2 76.244
 62 0 0.731953 0 5 76.075 95.425
 63 0 0.743984 0 0 0 0
 63 0 0.743984 0 1 0 0
 63 0 0.743984 0 2 0 0
 63 0 0.743984 0 3 0 0
 63 0 0.743984 0 4 0 0
 63 0 0.743984 0 5 0 0
