 6 16 -0.02 0.75 16 -1 1
 0 0 0.0040625 -0.9375 0 -8.773 -3.588
 0 0 0.0040625 -0.9375 1 -5.449 -1.794
 0 0 0.0040625 -0.9375 2 -2.4515 0.566
 0 0 0.0040625 -0.9375 3 2.925 2.9485
 0 0 0.0040625 -0.9375 4 2.913 7.987
 0 0 0.0040625 -0.9375 5 7.956 12.801
 0 1 0.0040625 -0.8125 0 -4.186 -2.4435
 0 1 0.0040625 -0.8125 1 -2.8065 -1.064
 0 1 0.0040625 -0.8125 2 -1.1495 0.6995
 0 1 0.0040625 -0.8125 3 2.925 2.9485
 0 1 0.0040625 -0.8125 4 2.913 7.987
 0 1 0.0040625 -0.8125 5 2.913 7.987
 0 2 0.0040625 -0.6875 0 -3.3298 -1.7488
 0 2 0.0040625 -0.6875 1 -2.228 -0.632
 0 2 0.0040625 -0.6875 2 -0.8495 0.9995
 0 2 0.0040625 -0.6875 3 2.925 2.9485
 0 2 0.0040625 -0.6875 4 2.925 2.9485
 0 2 0.0040625 -0.6875 5 2.913 7.987
 0 3 0.0040625 -0.5625 0 -2.455 -1.165
 0 3 0.0040625 -0.5625 1 -1.6596 -0.1976
 0 3 0.0040625 -0.5625 2 -0.7565 1.0065
 0 3 0.0040625 -0.5625 3 -2.052 2.994
 0 3 0.0040625 -0.5625 4 2.925 2.9485
 0 3 0.0040625 -0.5625 5 2.913 7.987
 0 4 0.0040625 -0.4375 0 -1.9048 -0.7352
 0 4 0.0040625 -0.4375 1 -1.2168 0.0922
 0 4 0.0040625 -0.4375 2 -0.468 1.424
 0 4 0.0040625 -0.4375 3 -2.052 2.994
 0 4 0.0040625 -0.4375 4 2.925 2.9485
 0 4 0.0040625 -0.4375 5 2.913 7.987
 0 5 0.0040625 -0.3125 0 -1.3292 -0.3026
 0 5 0.0040625 -0.3125 1 -0.9322 0.3768
 0 5 0.0040625 -0.3125 2 -0.3284 1.2884
 0 5 0.0040625 -0.3125 3 -2.052 2.994
 0 5 0.0040625 -0.3125 4 2.925 2.9485
 0 5 0.0040625 -0.3125 5 2.925 2.9485
 0 6 0.0040625 -0.1875 0 -0.896 0.136
 0 6 0.0040625 -0.1875 1 -0.5048 0.6648
 0 6 0.0040625 -0.1875 2 -0.33 1.43
 0 6 0.0040625 -0.1875 3 -2.052 2.994
 0 6 0.0040625 -0.1875 4 -2.052 2.994
 0 6 0.0040625 -0.1875 5 2.925 2.9485
 0 7 0.0040625 -0.0625 0 -0.4634 0.7096
 0 7 0.0040625 -0.0625 1 -0.2048 0.9648
 0 7 0.0040625 -0.0625 2 -0.1884 1.4284
 0 7 0.0040625 -0.0625 3 -2.052 2.994
 0 7 0.0040625 -0.0625 4 -2.052 2.994
 0 7 0.0040625 -0.0625 5 -2.052 2.994
 0 8 0.0040625 0.0625 0 -0.0174 0.9974
 0 8 0.0040625 0.0625 1 0.0804 1.2462
 0 8 0.0040625 0.0625 2 -0.028 1.568
 0 8 0.0040625 0.0625 3 -2.052 2.994
 0 8 0.0040625 0.0625 4 -2.052 2.994
 0 8 0.0040625 0.0625 5 -2.052 2.994
 0 9 0.0040625 0.1875 0 0.416 1.436
 0 9 0.0040625 0.1875 1 0.3704 1.5434
 0 9 0.0040625 0.1875 2 0.119 1.581
 0 9 0.0040625 0.1875 3 -2.052 2.994
 0 9 0.0040625 0.1875 4 -2.052 2.994
 0 9 0.0040625 0.1875 5 -2.052 2.994
 0 10 0.0040625 0.3125 0 0.984 2.016
 0 10 0.0040625 0.3125 1 0.6552 1.8248
 0 10 0.0040625 0.3125 2 0.2576 1.7196
 0 10 0.0040625 0.3125 3 -2.052 2.994
 0 10 0.0040625 0.3125 4 -2.052 2.994
 0 10 0.0040625 0.3125 5 -2.052 2.994
 0 11 0.0040625 0.4375 0 1.424 2.444
 0 11 0.0040625 0.4375 1 0.945 2.235
 0 11 0.0040625 0.4375 2 0.399 1.861
 0 11 0.0040625 0.4375 3 -2.052 2.994
 0 11 0.0040625 0.4375 4 -2.052 2.994
 0 11 0.0040625 0.4375 5 -2.052 2.994
 0 12 0.0040625 0.5625 0 1.8552 3.0248
 0 12 0.0040625 0.5625 1 1.24 2.515
 0 12 0.0040625 0.5625 2 0.3916 2.0084
 0 12 0.0040625 0.5625 3 -2.052 2.994
 0 12 0.0040625 0.5625 4 -2.052 2.994
 0 12 0.0040625 0.5625 5 -2.052 2.994
 0 13 0.0040625 0.6875 0 2.4376 3.8996
 0 13 0.0040625 0.6875 1 1.6744 3.1024
 0 13 0.0040625 0.6875 2 0.5435 2.3065
 0 13 0.0040625 0.6875 3 -2.052 2.994
 0 13 0.0040625 0.6875 4 -2.052 2.994
 0 13 0.0040625 0.6875 5 -1.9985 -1.975
 0 14 0.0040625 0.8125 0 3.154 5.046
 0 14 0.0040625 0.8125 1 2.1005 3.971
 0 14 0.0040625 0.8125 2 0.823 2.586
 0 14 0.0040625 0.8125 3 -2.052 2.994
 0 14 0.0040625 0.8125 4 -1.9985 -1.975
 0 14 0.0040625 0.8125 5 -7.02 -1.98
 0 15 0.0040625 0.9375 0 4.162 9.772
 0 15 0.0040625 0.9375 1 2.65 6.95
 0 15 0.0040625 0.9375 2 0.9635 3.617
 0 15 0.0040625 0.9375 3 -2.052 2.994
 0 15 0.0040625 0.9375 4 -7.02 -1.98
 0 15 0.0040625 0.9375 5 -12.092 -1.944
 1 0 0.0521875 -0.9375 0 -8.782 -2.418
 1 0 0.0521875 -0.9375 1 -5.022 -0.054
 1 0 0.0521875 -0.9375 2 -0.7885 3.0385
 1 0 0.0521875 -0.9375 3 2.913 7.987
 1 0 0.0521875 -0.9375 4 7.956 12.801
 1 0 0.0521875 -0.9375 5 7.928 17.904
 1 1 0.0521875 -0.8125 0 -3.6215 -1.454
 1 1 0.0521875 -0.8125 1 -1.94 0.8225
 1 1 0.0521875 -0.8125 2 0.238 3.162
 1 1 0.0521875 -0.8125 3 2.913 7.987
 1 1 0.0521875 -0.8125 4 2.913 7.987
 1 1 0.0521875 -0.8125 5 7.956 12.801
 1 2 0.0521875 -0.6875 0 -2.5995 -0.729
 1 2 0.0521875 -0.6875 1 -1.238 1.111
 1 2 0.0521875 -0.6875 2 0.538 3.462
 1 2 0.0521875 -0.6875 3 2.913 7.987
 1 2 0.0521875 -0.6875 4 2.913 7.987
 1 2 0.0521875 -0.6875 5 7.956 12.801
 1 3 0.0521875 -0.5625 0 -1.9065 -0.1435
 1 3 0.0521875 -0.5625 1 -0.646 1.547
 1 3 0.0521875 -0.5625 2 0.8205 3.498
 1 3 0.0521875 -0.5625 3 2.913 7.987
 1 3 0.0521875 -0.5625 4 2.913 7.987
 1 3 0.0521875 -0.5625 5 7.956 12.801
 1 4 0.0521875 -0.4375 0 -1.33 0.43
 1 4 0.0521875 -0.4375 1 -0.2064 1.8264
 1 4 0.0521875 -0.4375 2 0.8275 3.59
 1 4 0.0521875 -0.4375 3 2.913 7.987
 1 4 0.0521875 -0.4375 4 2.913 7.987
 1 4 0.0521875 -0.4375 5 2.928 12.788
 1 5 0.0521875 -0.3125 0 -0.7484 0.8684
 1 5 0.0521875 -0.3125 1 0.0738 2.2632
 1 5 0.0521875 -0.3125 2 0.9705 3.648
 1 5 0.0521875 -0.3125 3 2.913 7.987
 1 5 0.0521875 -0.3125 4 2.913 7.987
 1 5 0.0521875 -0.3125 5 2.913 7.987
 1 6 0.0521875 -0.1875 0 -0.308 1.288
 1 6 0.0521875 -0.1875 1 0.35 2.525
 1 6 0.0521875 -0.1875 2 1.1205 3.798
 1 6 0.0521875 -0.1875 3 2.913 7.987
 1 6 0.0521875 -0.1875 4 2.913 7.987
 1 6 0.0521875 -0.1875 5 2.913 7.987
 1 7 0.0521875 -0.0625 0 0.1116 1.7298
 1 7 0.0521875 -0.0625 1 0.654 2.8215
 1 7 0.0521875 -0.0625 2 1.267 3.933
 1 7 0.0521875 -0.0625 3 2.925 2.9485
 1 7 0.0521875 -0.0625 4 2.913 7.987
 1 7 0.0521875 -0.0625 5 2.913 7.987
 1 8 0.0521875 0.0625 0 0.699 2.161
 1 8 0.0521875 0.0625 1 0.938 2.962
 1 8 0.0521875 0.0625 2 1.4065 3.9435
 1 8 0.0521875 0.0625 3 2.925 2.9485
 1 8 0.0521875 0.0625 4 2.913 7.987
 1 8 0.0521875 0.0625 5 2.913 7.987
 1 9 0.0521875 0.1875 0 1.1376 2.5996
 1 9 0.0521875 0.1875 1 1.3645 3.3855
 1 9 0.0521875 0.1875 2 1.5565 4.0935
 1 9 0.0521875 0.1875 3 2.925 2.9485
 1 9 0.0521875 0.1875 4 2.913 7.987
 1 9 0.0521875 0.1875 5 2.913 7.987
 1 10 0.0521875 0.3125 0 1.572 3.168
 1 10 0.0521875 0.3125 1 1.6645 3.6855
 1 10 0.0521875 0.3125 2 1.7065 4.2435
 1 10 0.0521875 0.3125 3 2.925 2.9485
 1 10 0.0521875 0.3125 4 2.913 7.987
 1 10 0.0521875 0.3125 5 2.913 7.987
 1 11 0.0521875 0.4375 0 1.9916 3.6084
 1 11 0.0521875 0.4375 1 1.941 3.962
 1 11 0.0521875 0.4375 2 1.702 4.3795
 1 11 0.0521875 0.4375 3 2.925 2.9485
 1 11 0.0521875 0.4375 4 2.913 7.987
 1 11 0.0521875 0.4375 5 2.913 7.987
 1 12 0.0521875 0.5625 0 2.5716 4.1884
 1 12 0.0521875 0.5625 1 2.2285 4.396
 1 12 0.0521875 0.5625 2 1.852 4.5295
 1 12 0.0521875 0.5625 3 2.925 2.9485
 1 12 0.0521875 0.5625 4 2.925 2.9485
 1 12 0.0521875 0.5625 5 -2.104 7.988
 1 13 0.0521875 0.6875 0 3.164 4.9065
 1 13 0.0521875 0.6875 1 2.654 4.847
 1 13 0.0521875 0.6875 2 2.14 4.66
 1 13 0.0521875 0.6875 3 2.925 2.9485
 1 13 0.0521875 0.6875 4 -2.052 2.994
 1 13 0.0521875 0.6875 5 -2.052 2.994
 1 14 0.0521875 0.8125 0 3.8785 6.0715
 1 14 0.0521875 0.8125 1 3.082 5.547
 1 14 0.0521875 0.8125 2 2.2705 4.948
 1 14 0.0521875 0.8125 3 2.925 2.9485
 1 14 0.0521875 0.8125 4 -2.052 2.994
 1 14 0.0521875 0.8125 5 -2.052 2.994
 1 15 0.0521875 0.9375 0 4.883 10.748
 1 15 0.0521875 0.9375 1 3.799 8.644
 1 15 0.0521875 0.9375 2 2.415 6.285
 1 15 0.0521875 0.9375 3 -2.052 2.994
 1 15 0.0521875 0.9375 4 -2.052 2.994
 1 15 0.0521875 0.9375 5 -7.056 2.974
 2 0 0.100312 -0.9375 0 -7.782 -1.418
 2 0 0.100312 -0.9375 1 -3.094 1.836
 2 0 0.100312 -0.9375 2 1.698 5.3955
 2 0 0.100312 -0.9375 3 7.956 12.801
 2 0 0.100312 -0.9375 4 7.928 17.904
 2 0 0.100312 -0.9375 5 12.646 27.954
 2 1 0.100312 -0.8125 0 -2.596 -0.4285
 2 1 0.100312 -0.8125 1 -0.206 2.3865
 2 1 0.100312 -0.8125 2 2.714 5.552
 2 1 0.100312 -0.8125 3 7.9515 7.975
 2 1 0.100312 -0.8125 4 7.956 12.801
 2 1 0.100312 -0.8125 5 12.713 17.846
 2 2 0.100312 -0.6875 0 -1.608 0.432
 2 2 0.100312 -0.6875 1 0.4995 2.9505
 2 2 0.100312 -0.6875 2 2.981 5.819
 2 2 0.100312 -0.6875 3 7.9515 7.975
 2 2 0.100312 -0.6875 4 7.956 12.801
 2 2 0.100312 -0.6875 5 12.713 17.846
 2 3 0.100312 -0.5625 0 -0.896 0.996
 2 3 0.100312 -0.5625 1 0.9495 3.4005
 2 3 0.100312 -0.5625 2 3.152 5.8295
 2 3 0.100312 -0.5625 3 7.9515 7.975
 2 3 0.100312 -0.5625 4 7.956 12.801
 2 3 0.100312 -0.5625 5 12.713 17.846
 2 4 0.100312 -0.4375 0 -0.18 1.58
 2 4 0.100312 -0.4375 1 1.3855 3.691
 2 4 0.100312 -0.4375 2 3.281 6.119
 2 4 0.100312 -0.4375 3 7.9515 7.975
 2 4 0.100312 -0.4375 4 7.956 12.801
 2 4 0.100312 -0.4375 5 7.928 17.904
 2 5 0.100312 -0.3125 0 0.264 2.027
 2 5 0.100312 -0.3125 1 1.666 3.961
 2 5 0.100312 -0.3125 2 3.431 6.269
 2 5 0.100312 -0.3125 3 2.913 7.987
 2 5 0.100312 -0.3125 4 7.956 12.801
 2 5 0.100312 -0.3125 5 7.928 17.904
 2 6 0.100312 -0.1875 0 0.6935 2.4565
 2 6 0.100312 -0.1875 1 2.104 4.246
 2 6 0.100312 -0.1875 2 3.5705 6.248
 2 6 0.100312 -0.1875 3 2.913 7.987
 2 6 0.100312 -0.1875 4 7.956 12.801
 2 6 0.100312 -0.1875 5 7.956 12.801
 2 7 0.100312 -0.0625 0 1.2716 2.8884
 2 7 0.100312 -0.0625 1 2.358 4.542
 2 7 0.100312 -0.0625 2 3.7205 6.398
 2 7 0.100312 -0.0625 3 2.913 7.987
 2 7 0.100312 -0.0625 4 7.956 12.801
 2 7 0.100312 -0.0625 5 7.956 12.801
 2 8 0.100312 0.0625 0 1.712 3.327
 2 8 0.100312 0.0625 1 2.654 4.847
 2 8 0.100312 0.0625 2 3.7775 6.54
 2 8 0.100312 0.0625 3 2.913 7.987
 2 8 0.100312 0.0625 4 7.956 12.801
 2 8 0.100312 0.0625 5 7.956 12.801
 2 9 0.100312 0.1875 0 2.152 3.748
 2 9 0.100312 0.1875 1 2.9285 5.1215
 2 9 0.100312 0.1875 2 3.9275 6.69
 2 9 0.100312 0.1875 3 2.913 7.987
 2 9 0.100312 0.1875 4 7.956 12.801
 2 9 0.100312 0.1875 5 7.956 12.801
 2 10 0.100312 0.3125 0 2.57 4.33
 2 10 0.100312 0.3125 1 3.2285 5.4215
 2 10 0.100312 0.3125 2 4.0635 6.6865
 2 10 0.100312 0.3125 3 2.913 7.987
 2 10 0.100312 0.3125 4 7.956 12.801
 2 10 0.100312 0.3125 5 7.956 12.801
 2 11 0.100312 0.4375 0 3.1516 4.7684
 2 11 0.100312 0.4375 1 3.6645 5.709
 2 11 0.100312 0.4375 2 4.2135 6.8365
 2 11 0.100312 0.4375 3 2.913 7.987
 2 11 0.100312 0.4375 4 7.9515 7.975
 2 11 0.100312 0.4375 5 7.956 12.801
 2 12 0.100312 0.5625 0 3.5935 5.336
 2 12 0.100312 0.5625 1 3.954 6.147
 2 12 0.100312 0.5625 2 4.333 6.9865
 2 12 0.100312 0.5625 3 2.913 7.987
 2 12 0.100312 0.5625 4 2.913 7.987
 2 12 0.100312 0.5625 5 2.928 12.788
 2 13 0.100312 0.6875 0 4.176 6.068
 2 13 0.100312 0.6875 1 4.3715 6.4785
 2 13 0.100312 0.6875 2 4.498 7.133
 2 13 0.100312 0.6875 3 2.913 7.987
 2 13 0.100312 0.6875 4 2.913 7.987
 2 13 0.100312 0.6875 5 2.928 12.788
 2 14 0.100312 0.8125 0 5.025 7.175
 2 14 0.100312 0.8125 1 4.796 7.204
 2 14 0.100312 0.8125 2 4.6275 7.4225
 2 14 0.100312 0.8125 3 -2.104 7.988
 2 14 0.100312 0.8125 4 2.913 7.987
 2 14 0.100312 0.8125 5 2.913 7.987
 2 15 0.100312 0.9375 0 6.044 11.756
 2 15 0.100312 0.9375 1 5.532 10.122
 2 15 0.100312 0.9375 2 4.9265 8.3235
 2 15 0.100312 0.9375 3 2.913 7.987
 2 15 0.100312 0.9375 4 -2.104 7.988
 2 15 0.100312 0.9375 5 -2.104 7.988
 3 0 0.148438 -0.9375 0 -6.072 -0.132
 3 0 0.148438 -0.9375 1 -1.852 3.588
 3 0 0.148438 -0.9375 2 3.784 7.864
 3 0 0.148438 -0.9375 3 7.956 12.801
 3 0 0.148438 -0.9375 4 12.744 22.892
 3 0 0.148438 -0.9375 5 17.76 27.84
 3 1 0.148438 -0.8125 0 -1.618 0.876
 3 1 0.148438 -0.8125 1 1.384 4.4015
 3 1 0.148438 -0.8125 2 5.052 8.148
 3 1 0.148438 -0.8125 3 7.956 12.801
 3 1 0.148438 -0.8125 4 12.713 17.846
 3 1 0.148438 -0.8125 5 17.772 22.846
 3 2 0.148438 -0.6875 0 -0.596 1.597
 3 2 0.148438 -0.6875 1 2.2135 4.8365
 3 2 0.148438 -0.6875 2 5.216 8.484
 3 2 0.148438 -0.6875 3 7.956 12.801
 3 2 0.148438 -0.6875 4 12.713 17.846
 3 2 0.148438 -0.6875 5 17.772 22.846
 3 3 0.148438 -0.5625 0 0.1175 2.162
 3 3 0.148438 -0.5625 1 2.648 5.283
 3 3 0.148438 -0.5625 2 5.4915 8.4585
 3 3 0.148438 -0.5625 3 7.956 12.801
 3 3 0.148438 -0.5625 4 12.713 17.846
 3 3 0.148438 -0.5625 5 17.772 22.846
 3 4 0.148438 -0.4375 0 0.7 2.85
 3 4 0.148438 -0.4375 1 3.2285 5.4215
 3 4 0.148438 -0.4375 2 5.652 8.748
 3 4 0.148438 -0.4375 3 7.956 12.801
 3 4 0.148438 -0.4375 4 12.713 17.846
 3 4 0.148438 -0.4375 5 12.744 22.892
 3 5 0.148438 -0.3125 0 1.268 3.332
 3 5 0.148438 -0.3125 1 3.52 5.8575
 3 5 0.148438 -0.3125 2 5.802 8.898
 3 5 0.148438 -0.3125 3 7.956 12.801
 3 5 0.148438 -0.3125 4 12.713 17.846
 3 5 0.148438 -0.3125 5 12.744 22.892
 3 6 0.148438 -0.1875 0 1.854 3.746
 3 6 0.148438 -0.1875 1 3.7925 6.13
 3 6 0.148438 -0.1875 2 5.8485 8.9015
 3 6 0.148438 -0.1875 3 7.956 12.801
 3 6 0.148438 -0.1875 4 12.713 17.846
 3 6 0.148438 -0.1875 5 12.713 17.846
 3 7 0.148438 -0.0625 0 2.2935 4.036
 3 7 0.148438 -0.0625 1 4.089 6.438
 3 7 0.148438 -0.0625 2 5.942 9.0445
 3 7 0.148438 -0.0625 3 7.956 12.801
 3 7 0.148438 -0.0625 4 12.713 17.846
 3 7 0.148438 -0.0625 5 12.713 17.846
 3 8 0.148438 0.0625 0 2.87 4.63
 3 8 0.148438 0.0625 1 4.3785 6.5715
 3 8 0.148438 0.0625 2 6.092 9.1945
 3 8 0.148438 0.0625 3 7.956 12.801
 3 8 0.148438 0.0625 4 12.713 17.846
 3 8 0.148438 0.0625 5 12.713 17.846
 3 9 0.148438 0.1875 0 3.154 5.046
 3 9 0.148438 0.1875 1 4.6715 6.7785
 3 9 0.148438 0.1875 2 6.23 9.205
 3 9 0.148438 0.1875 3 7.956 12.801
 3 9 0.148438 0.1875 4 7.956 12.801
 3 9 0.148438 0.1875 5 12.713 17.846
 3 10 0.148438 0.3125 0 3.7316 5.3484
 3 10 0.148438 0.3125 1 5.1075 7.065
 3 10 0.148438 0.3125 2 6.38 9.32
 3 10 0.148438 0.3125 3 7.956 12.801
 3 10 0.148438 0.3125 4 7.956 12.801
 3 10 0.148438 0.3125 5 12.713 17.846
 3 11 0.148438 0.4375 0 4.17 5.93
 3 11 0.148438 0.4375 1 5.25 7.35
 3 11 0.148438 0.4375 2 6.5275 9.3225
 3 11 0.148438 0.4375 3 7.956 12.801
 3 11 0.148438 0.4375 4 7.956 12.801
 3 11 0.148438 0.4375 5 12.713 17.846
 3 12 0.148438 0.5625 0 4.74 6.46
 3 12 0.148438 0.5625 1 5.6715 7.7785
 3 12 0.148438 0.5625 2 6.817 9.483
 3 12 0.148438 0.5625 3 7.956 12.801
 3 12 0.148438 0.5625 4 7.956 12.801
 3 12 0.148438 0.5625 5 7.928 17.904
 3 13 0.148438 0.6875 0 5.326 7.174
 3 13 0.148438 0.6875 1 6.1215 8.2285
 3 13 0.148438 0.6875 2 6.936 9.633
 3 13 0.148438 0.6875 3 7.956 12.801
 3 13 0.148438 0.6875 4 7.956 12.801
 3 13 0.148438 0.6875 5 7.928 17.904
 3 14 0.148438 0.8125 0 6.05 8.2
 3 14 0.148438 0.8125 1 6.546 8.954
 3 14 0.148438 0.8125 2 7.081 9.919
 3 14 0.148438 0.8125 3 7.956 12.801
 3 14 0.148438 0.8125 4 7.956 12.801
 3 14 0.148438 0.8125 5 7.956 12.801
 3 15 0.148438 0.9375 0 7.134 12.466
 3 15 0.148438 0.9375 1 7.33 11.3675
 3 15 0.148438 0.9375 2 7.366 10.634
 3 15 0.148438 0.9375 3 7.956 12.801
 3 15 0.148438 0.9375 4 2.928 12.788
 3 15 0.148438 0.9375 5 2.928 12.788
 4 0 0.196563 -0.9375 0 -5.11 0.91
 4 0 0.196563 -0.9375 1 0.057 5.301
 4 0 0.196563 -0.9375 2 6.064 10.484
 4 0 0.196563 -0.9375 3 12.713 17.846
 4 0 0.196563 -0.9375 4 17.76 27.84
 4 0 0.196563 -0.9375 5 22.784 32.416
 4 1 0.196563 -0.8125 0 -0.74 2.0225
 4 1 0.196563 -0.8125 1 3.226 6.1585
 4 1 0.196563 -0.8125 2 7.38 10.78
 4 1 0.196563 -0.8125 3 12.713 17.846
 4 1 0.196563 -0.8125 4 17.772 22.846
 4 1 0.196563 -0.8125 5 22.78 27.88
 4 2 0.196563 -0.6875 0 0.403 2.897
 4 2 0.196563 -0.6875 1 3.948 6.583
 4 2 0.196563 -0.6875 2 7.6765 11.0735
 4 2 0.196563 -0.6875 3 12.713 17.846
 4 2 0.196563 -0.6875 4 17.772 22.846
 4 2 0.196563 -0.6875 5 22.78 27.88
 4 3 0.196563 -0.5625 0 1.139 3.461
 4 3 0.196563 -0.5625 1 4.368 6.776
 4 3 0.196563 -0.5625 2 7.82 11.22
 4 3 0.196563 -0.5625 3 12.713 17.846
 4 3 0.196563 -0.5625 4 17.772 22.846
 4 3 0.196563 -0.5625 5 22.78 27.88
 4 4 0.196563 -0.4375 0 1.858 4.042
 4 4 0.196563 -0.4375 1 4.796 7.204
 4 4 0.196563 -0.4375 2 8.152 11.212
 4 4 0.196563 -0.4375 3 12.713 17.846
 4 4 0.196563 -0.4375 4 17.772 22.846
 4 4 0.196563 -0.4375 5 22.78 27.88
 4 5 0.196563 -0.3125 0 2.428 4.468
 4 5 0.196563 -0.3125 1 5.096 7.504
 4 5 0.196563 -0.3125 2 8.2985 11.3515
 4 5 0.196563 -0.3125 3 12.713 17.846
 4 5 0.196563 -0.3125 4 17.772 22.846
 4 5 0.196563 -0.3125 5 17.76 27.84
 4 6 0.196563 -0.1875 0 3.004 4.918
 4 6 0.196563 -0.1875 1 5.532 7.794
 4 6 0.196563 -0.1875 2 8.304 11.496
 4 6 0.196563 -0.1875 3 12.713 17.846
 4 6 0.196563 -0.1875 4 17.772 22.846
 4 6 0.196563 -0.1875 5 17.76 27.84
 4 7 0.196563 -0.0625 0 3.454 5.346
 4 7 0.196563 -0.0625 1 5.832 8.068
 4 7 0.196563 -0.0625 2 8.588 11.512
 4 7 0.196563 -0.0625 3 12.713 17.846
 4 7 0.196563 -0.0625 4 12.713 17.846
 4 7 0.196563 -0.0625 5 17.772 22.846
 4 8 0.196563 0.0625 0 3.882 5.774
 4 8 0.196563 0.0625 1 6.106 8.368
 4 8 0.196563 0.0625 2 8.588 11.648
 4 8 0.196563 0.0625 3 12.713 17.846
 4 8 0.196563 0.0625 4 12.713 17.846
 4 8 0.196563 0.0625 5 17.772 22.846
 4 9 0.196563 0.1875 0 4.304 6.218
 4 9 0.196563 0.1875 1 6.412 8.6645
 4 9 0.196563 0.1875 2 8.876 11.8085
 4 9 0.196563 0.1875 3 12.7515 12.775
 4 9 0.196563 0.1875 4 12.713 17.846
 4 9 0.196563 0.1875 5 17.772 22.846
 4 10 0.196563 0.3125 0 4.7505 6.5995
 4 10 0.196563 0.3125 1 6.6855 8.938
 4 10 0.196563 0.3125 2 8.876 11.8085
 4 10 0.196563 0.3125 3 12.7515 12.775
 4 10 0.196563 0.3125 4 12.713 17.846
 4 10 0.196563 0.3125 5 17.772 22.846
 4 11 0.196563 0.4375 0 5.179 7.028
 4 11 0.196563 0.4375 1 6.8925 9.23
 4 11 0.196563 0.4375 2 9.026 11.924
 4 11 0.196563 0.4375 3 12.7515 12.775
 4 11 0.196563 0.4375 4 12.713 17.846
 4 11 0.196563 0.4375 5 17.772 22.846
 4 12 0.196563 0.5625 0 5.7505 7.5995
 4 12 0.196563 0.5625 1 7.339 9.661
 4 12 0.196563 0.5625 2 9.1415 12.074
 4 12 0.196563 0.5625 3 12.7515 12.775
 4 12 0.196563 0.5625 4 12.713 17.846
 4 12 0.196563 0.5625 5 17.772 22.846
 4 13 0.196563 0.6875 0 6.385 8.3425
 4 13 0.196563 0.6875 1 7.77 10.1075
 4 13 0.196563 0.6875 2 9.46 12.2225
 4 13 0.196563 0.6875 3 12.7515 12.775
 4 13 0.196563 0.6875 4 12.713 17.846
 4 13 0.196563 0.6875 5 12.744 22.892
 4 14 0.196563 0.8125 0 7.154 9.347
 4 14 0.196563 0.8125 1 8.0635 10.6865
 4 14 0.196563 0.8125 2 9.445 12.42
 4 14 0.196563 0.8125 3 12.7515 12.775
 4 14 0.196563 0.8125 4 12.713 17.846
 4 14 0.196563 0.8125 5 12.713 17.846
 4 15 0.196563 0.9375 0 8.162 13.772
 4 15 0.196563 0.9375 1 9.064 13.536
 4 15 0.196563 0.9375 2 9.88 13.32
 4 15 0.196563 0.9375 3 7.956 12.801
 4 15 0.196563 0.9375 4 7.928 17.904
 4 15 0.196563 0.9375 5 7.928 17.904
 5 0 0.244688 -0.9375 0 -3.464 2.164
 5 0 0.244688 -0.9375 1 1.528 7.072
 5 0 0.244688 -0.9375 2 8.843 13.008
 5 0 0.244688 -0.9375 3 17.772 22.846
 5 0 0.244688 -0.9375 4 22.784 32.416
 5 0 0.244688 -0.9375 5 27.792 42.582
 5 1 0.244688 -0.8125 0 0.388 3.312
 5 1 0.244688 -0.8125 1 4.888 7.778
 5 1 0.244688 -0.8125 2 10.0055 13.1445
 5 1 0.244688 -0.8125 3 17.775 17.7985
 5 1 0.244688 -0.8125 4 22.78 27.88
 5 1 0.244688 -0.8125 5 27.784 37.528
 5 2 0.244688 -0.6875 0 1.4135 4.0365
 5 2 0.244688 -0.6875 1 5.69 8.21
 5 2 0.244688 -0.6875 2 10.1695 13.442
 5 2 0.244688 -0.6875 3 17.775 17.7985
 5 2 0.244688 -0.6875 4 22.78 27.88
 5 2 0.244688 -0.6875 5 27.784 37.528
 5 3 0.244688 -0.5625 0 2.4285 4.6215
 5 3 0.244688 -0.5625 1 6.1065 8.6435
 5 3 0.244688 -0.5625 2 10.4555 13.5945
 5 3 0.244688 -0.5625 3 17.775 17.7985
 5 3 0.244688 -0.5625 4 22.78 27.88
 5 3 0.244688 -0.5625 5 27.778 32.422
 5 4 0.244688 -0.4375 0 3.003 5.196
 5 4 0.244688 -0.4375 1 6.546 8.954
 5 4 0.244688 -0.4375 2 10.6055 13.7445
 5 4 0.244688 -0.4375 3 12.713 17.846
 5 4 0.244688 -0.4375 4 22.78 27.88
 5 4 0.244688 -0.4375 5 27.778 32.422
 5 5 0.244688 -0.3125 0 3.5936 5.6264
 5 5 0.244688 -0.3125 1 6.753 9.247
 5 5 0.244688 -0.3125 2 10.745 13.72
 5 5 0.244688 -0.3125 3 12.713 17.846
 5 5 0.244688 -0.3125 4 22.78 27.88
 5 5 0.244688 -0.3125 5 22.784 32.416
 5 6 0.244688 -0.1875 0 4.032 6.072
 5 6 0.244688 -0.1875 1 7.024 9.518
 5 6 0.244688 -0.1875 2 10.895 13.87
 5 6 0.244688 -0.1875 3 12.713 17.846
 5 6 0.244688 -0.1875 4 17.772 22.846
 5 6 0.244688 -0.1875 5 22.784 32.416
 5 7 0.244688 -0.0625 0 4.4505 6.2995
 5 7 0.244688 -0.0625 1 7.332 9.826
 5 7 0.244688 -0.0625 2 11.0415 14.0085
 5 7 0.244688 -0.0625 3 12.713 17.846
 5 7 0.244688 -0.0625 4 17.772 22.846
 5 7 0.244688 -0.0625 5 22.784 32.416
 5 8 0.244688 0.0625 0 4.9005 6.7495
 5 8 0.244688 0.0625 1 7.603 10.097
 5 8 0.244688 0.0625 2 11.181 14.019
 5 8 0.244688 0.0625 3 12.713 17.846
 5 8 0.244688 0.0625 4 17.772 22.846
 5 8 0.244688 0.0625 5 22.78 27.88
 5 9 0.244688 0.1875 0 5.3768 7.0232
 5 9 0.244688 0.1875 1 7.903 10.397
 5 9 0.244688 0.1875 2 11.1915 14.1585
 5 9 0.244688 0.1875 3 12.713 17.846
 5 9 0.244688 0.1875 4 17.772 22.846
 5 9 0.244688 0.1875 5 22.78 27.88
 5 10 0.244688 0.3125 0 5.9005 7.7495
 5 10 0.244688 0.3125 1 8.339 10.688
 5 10 0.244688 0.3125 2 11.33 14.305
 5 10 0.244688 0.3125 3 12.713 17.846
 5 10 0.244688 0.3125 4 17.772 22.846
 5 10 0.244688 0.3125 5 22.78 27.88
 5 11 0.244688 0.4375 0 6.3365 8.033
 5 11 0.244688 0.4375 1 8.639 10.961
 5 11 0.244688 0.4375 2 11.481 14.319
 5 11 0.244688 0.4375 3 12.713 17.846
 5 11 0.244688 0.4375 4 17.772 22.846
 5 11 0.244688 0.4375 5 22.78 27.88
 5 12 0.244688 0.5625 0 6.708 8.772
 5 12 0.244688 0.5625 1 8.91 11.52
 5 12 0.244688 0.5625 2 11.63 14.605
 5 12 0.244688 0.5625 3 12.713 17.846
 5 12 0.244688 0.5625 4 17.772 22.846
 5 12 0.244688 0.5625 5 22.78 27.88
 5 13 0.244688 0.6875 0 7.441 9.4855
 5 13 0.244688 0.6875 1 9.36 11.94
 5 13 0.244688 0.6875 2 11.745 14.755
 5 13 0.244688 0.6875 3 12.713 17.846
 5 13 0.244688 0.6875 4 17.772 22.846
 5 13 0.244688 0.6875 5 17.76 27.84
 5 14 0.244688 0.8125 0 8.17 10.5075
 5 14 0.244688 0.8125 1 9.924 12.676
 5 14 0.244688 0.8125 2 12.0345 14.882
 5 14 0.244688 0.8125 3 12.713 17.846
 5 14 0.244688 0.8125 4 17.772 22.846
 5 14 0.244688 0.8125 5 17.772 22.846
 5 15 0.244688 0.9375 0 9.269 15.031
 5 15 0.244688 0.9375 1 10.65 15
 5 15 0.244688 0.9375 2 12.3195 15.6305
 5 15 0.244688 0.9375 3 12.713 17.846
 5 15 0.244688 0.9375 4 12.744 22.892
 5 15 0.244688 0.9375 5 12.744 22.892
 6 0 0.292812 -0.9375 0 -3.054 3.654
 6 0 0.292812 -0.9375 1 4.099 8.944
 6 0 0.292812 -0.9375 2 11.3965 15.604
 6 0 0.292812 -0.9375 3 17.772 22.846
 6 0 0.292812 -0.9375 4 27.784 37.528
 6 0 0.292812 -0.9375 5 32.26 47.56
 6 1 0.292812 -0.8125 0 1.4125 4.6375
 6 1 0.292812 -0.8125 1 6.452 9.512
 6 1 0.292812 -0.8125 2 12.3765 15.7735
 6 1 0.292812 -0.8125 3 17.772 22.846
 6 1 0.292812 -0.8125 4 27.778 32.422
 6 1 0.292812 -0.8125 5 32.36 42.56
 6 2 0.292812 -0.6875 0 2.732 5.197
 6 2 0.292812 -0.6875 1 7.1775 9.9725
 6 2 0.292812 -0.6875 2 12.537 16.063
 6 2 0.292812 -0.6875 3 17.772 22.846
 6 2 0.292812 -0.6875 4 27.778 32.422
 6 2 0.292812 -0.6875 5 32.38 37.48
 6 3 0.292812 -0.5625 0 3.453 5.918
 6 3 0.292812 -0.5625 1 7.6275 10.39
 6 3 0.292812 -0.5625 2 12.687 16.213
 6 3 0.292812 -0.5625 3 17.772 22.846
 6 3 0.292812 -0.5625 4 27.778 32.422
 6 3 0.292812 -0.5625 5 32.38 37.48
 6 4 0.292812 -0.4375 0 4.153 6.3715
 6 4 0.292812 -0.4375 1 8.06 10.8225
 6 4 0.292812 -0.4375 2 12.837 16.322
 6 4 0.292812 -0.4375 3 17.772 22.846
 6 4 0.292812 -0.4375 4 22.784 32.416
 6 4 0.292812 -0.4375 5 32.38 37.48
 6 5 0.292812 -0.3125 0 4.611 6.589
 6 5 0.292812 -0.3125 1 8.474 11.226
 6 5 0.292812 -0.3125 2 13.1125 16.3375
 6 5 0.292812 -0.3125 3 17.772 22.846
 6 5 0.292812 -0.3125 4 22.78 27.88
 6 5 0.292812 -0.3125 5 32.38 37.48
 6 6 0.292812 -0.1875 0 5.179 7.028
 6 6 0.292812 -0.1875 1 8.774 11.494
 6 6 0.292812 -0.1875 2 13.123 16.477
 6 6 0.292812 -0.1875 3 17.772 22.846
 6 6 0.292812 -0.1875 4 22.78 27.88
 6 6 0.292812 -0.1875 5 27.784 37.528
 6 7 0.292812 -0.0625 0 5.622 7.471
 6 7 0.292812 -0.0625 1 9.074 11.794
 6 7 0.292812 -0.0625 2 13.2625 16.4875
 6 7 0.292812 -0.0625 3 17.772 22.846
 6 7 0.292812 -0.0625 4 22.78 27.88
 6 7 0.292812 -0.0625 5 27.784 37.528
 6 8 0.292812 0.0625 0 6.0505 7.8995
 6 8 0.292812 0.0625 1 9.338 12.228
 6 8 0.292812 0.0625 2 13.4125 16.6375
 6 8 0.292812 0.0625 3 17.772 22.846
 6 8 0.292812 0.0625 4 22.78 27.88
 6 8 0.292812 0.0625 5 27.778 32.422
 6 9 0.292812 0.1875 0 6.4336 8.4664
 6 9 0.292812 0.1875 1 9.624 12.376
 6 9 0.292812 0.1875 2 13.5625 16.7875
 6 9 0.292812 0.1875 3 17.772 22.846
 6 9 0.292812 0.1875 4 22.78 27.88
 6 9 0.292812 0.1875 5 27.778 32.422
 6 10 0.292812 0.3125 0 6.854 8.768
 6 10 0.292812 0.3125 1 10.0635 12.656
 6 10 0.292812 0.3125 2 13.702 16.762
 6 10 0.292812 0.3125 3 17.772 22.846
 6 10 0.292812 0.3125 4 22.78 27.88
 6 10 0.292812 0.3125 5 27.778 32.422
 6 11 0.292812 0.4375 0 7.304 9.497
 6 11 0.292812 0.4375 1 10.222 13.112
 6 11 0.292812 0.4375 2 13.823 17.177
 6 11 0.292812 0.4375 3 17.772 22.846
 6 11 0.292812 0.4375 4 22.78 27.88
 6 11 0.292812 0.4375 5 27.778 32.422
 6 12 0.292812 0.5625 0 7.868 9.932
 6 12 0.292812 0.5625 1 10.638 13.528
 6 12 0.292812 0.5625 2 13.973 17.327
 6 12 0.292812 0.5625 3 17.772 22.846
 6 12 0.292812 0.5625 4 22.78 27.88
 6 12 0.292812 0.5625 5 27.778 32.422
 6 13 0.292812 0.6875 0 8.458 10.642
 6 13 0.292812 0.6875 1 11.198 13.833
 6 13 0.292812 0.6875 2 14.2625 17.45
 6 13 0.292812 0.6875 3 17.772 22.846
 6 13 0.292812 0.6875 4 22.78 27.88
 6 13 0.292812 0.6875 5 22.784 32.416
 6 14 0.292812 0.8125 0 9.16 11.77
 6 14 0.292812 0.8125 1 11.6275 14.39
 6 14 0.292812 0.8125 2 14.273 17.627
 6 14 0.292812 0.8125 3 17.772 22.846
 6 14 0.292812 0.8125 4 22.78 27.88
 6 14 0.292812 0.8125 5 22.784 32.416
 6 15 0.292812 0.9375 0 10.304 16.424
 6 15 0.292812 0.9375 1 12.306 17.294
 6 15 0.292812 0.9375 2 14.568 18.478
 6 15 0.292812 0.9375 3 17.772 22.846
 6 15 0.292812 0.9375 4 17.76 27.84
 6 15 0.292812 0.9375 5 17.76 27.84
 7 0 0.340938 -0.9375 0 -1.947 4.768
 7 0 0.340938 -0.9375 1 6.085 10.815
 7 0 0.340938 -0.9375 2 13.971 18.476
 7 0 0.340938 -0.9375 3 22.78 27.88
 7 0 0.340938 -0.9375 4 32.36 42.56
 7 0 0.340938 -0.9375 5 42.496 51.904
 7 1 0.340938 -0.8125 0 2.876 5.774
 7 1 0.340938 -0.8125 1 8.044 11.656
 7 1 0.340938 -0.8125 2 14.718 18.628
 7 1 0.340938 -0.8125 3 22.78 27.88
 7 1 0.340938 -0.8125 4 32.38 37.48
 7 1 0.340938 -0.8125 5 37.308 47.574
 7 2 0.340938 -0.6875 0 3.882 6.347
 7 2 0.340938 -0.6875 1 8.9195 12.2305
 7 2 0.340938 -0.6875 2 15.006 18.7885
 7 2 0.340938 -0.6875 3 22.78 27.88
 7 2 0.340938 -0.6875 4 27.784 37.528
 7 2 0.340938 -0.6875 5 37.42 42.52
 7 3 0.340938 -0.5625 0 4.589 6.884
 7 3 0.340938 -0.5625 1 9.359 12.541
 7 3 0.340938 -0.5625 2 15.122 19.078
 7 3 0.340938 -0.5625 3 22.78 27.88
 7 3 0.340938 -0.5625 4 27.784 37.528
 7 3 0.340938 -0.5625 5 37.42 42.52
 7 4 0.340938 -0.4375 0 5.175 7.325
 7 4 0.340938 -0.4375 1 9.7625 12.95
 7 4 0.340938 -0.4375 2 15.365 19.19
 7 4 0.340938 -0.4375 3 22.78 27.88
 7 4 0.340938 -0.4375 4 27.778 32.422
 7 4 0.340938 -0.4375 5 37.42 42.52
 7 5 0.340938 -0.3125 0 5.747 7.903
 7 5 0.340938 -0.3125 1 10.084 13.1015
 7 5 0.340938 -0.3125 2 15.59 19.2025
 7 5 0.340938 -0.3125 3 22.78 27.88
 7 5 0.340938 -0.3125 4 27.778 32.422
 7 5 0.340938 -0.3125 5 37.42 42.52
 7 6 0.340938 -0.1875 0 6.2 8.325
 7 6 0.340938 -0.1875 1 10.359 13.541
 7 6 0.340938 -0.1875 2 15.6975 19.3525
 7 6 0.340938 -0.1875 3 22.78 27.88
 7 6 0.340938 -0.1875 4 27.778 32.422
 7 6 0.340938 -0.1875 5 37.42 42.52
 7 7 0.340938 -0.0625 0 6.568 8.632
 7 7 0.340938 -0.0625 1 11.0275 13.8225
 7 7 0.340938 -0.0625 2 15.6975 19.3525
 7 7 0.340938 -0.0625 3 22.78 27.88
 7 7 0.340938 -0.0625 4 27.778 32.422
 7 7 0.340938 -0.0625 5 32.36 42.56
 7 8 0.340938 0.0625 0 6.87 9.2075
 7 8 0.340938 0.0625 1 11.1775 13.9725
 7 8 0.340938 0.0625 2 15.8475 19.5025
 7 8 0.340938 0.0625 3 22.78 27.88
 7 8 0.340938 0.0625 4 27.778 32.422
 7 8 0.340938 0.0625 5 32.36 42.56
 7 9 0.340938 0.1875 0 7.4285 9.6215
 7 9 0.340938 0.1875 1 11.617 14.252
 7 9 0.340938 0.1875 2 15.9975 19.6525
 7 9 0.340938 0.1875 3 22.78 27.88
 7 9 0.340938 0.1875 4 27.778 32.422
 7 9 0.340938 0.1875 5 32.38 37.48
 7 10 0.340938 0.3125 0 7.8785 10.0715
 7 10 0.340938 0.3125 1 11.924 14.676
 7 10 0.340938 0.3125 2 16.1475 19.76
 7 10 0.340938 0.3125 3 22.78 27.88
 7 10 0.340938 0.3125 4 27.778 32.422
 7 10 0.340938 0.3125 5 32.38 37.48
 7 11 0.340938 0.4375 0 8.4645 10.509
 7 11 0.340938 0.4375 1 12.21 14.9725
 7 11 0.340938 0.4375 2 16.287 19.772
 7 11 0.340938 0.4375 3 22.78 27.88
 7 11 0.340938 0.4375 4 27.778 32.422
 7 11 0.340938 0.4375 5 32.38 37.48
 7 12 0.340938 0.5625 0 8.896 11.332
 7 12 0.340938 0.5625 1 12.4775 15.2725
 7 12 0.340938 0.5625 2 16.4335 19.9165
 7 12 0.340938 0.5625 3 22.78 27.88
 7 12 0.340938 0.5625 4 27.778 32.422
 7 12 0.340938 0.5625 5 32.38 37.48
 7 13 0.340938 0.6875 0 9.46 12.04
 7 13 0.340938 0.6875 1 12.917 15.583
 7 13 0.340938 0.6875 2 16.723 20.077
 7 13 0.340938 0.6875 3 22.78 27.88
 7 13 0.340938 0.6875 4 27.778 32.422
 7 13 0.340938 0.6875 5 32.38 37.48
 7 14 0.340938 0.8125 0 10.324 13.044
 7 14 0.340938 0.8125 1 13.514 16.286
 7 14 0.340938 0.8125 2 17.004 20.196
 7 14 0.340938 0.8125 3 22.775 22.7985
 7 14 0.340938 0.8125 4 27.778 32.422
 7 14 0.340938 0.8125 5 27.784 37.528
 7 15 0.340938 0.9375 0 11.568 17.603
 7 15 0.340938 0.9375 1 14.24 18.915
 7 15 0.340938 0.9375 2 17.294 20.949
 7 15 0.340938 0.9375 3 17.772 22.846
 7 15 0.340938 0.9375 4 22.78 27.88
 7 15 0.340938 0.9375 5 22.784 32.416
 8 0 0.389062 -0.9375 0 -1.663 6.072
 8 0 0.389062 -0.9375 1 7.176 12.956
 8 0 0.389062 -0.9375 2 16.299 21.258
 8 0 0.389062 -0.9375 3 27.778 32.422
 8 0 0.389062 -0.9375 4 37.308 47.574
 8 0 0.389062 -0.9375 5 47.496 56.904
 8 1 0.389062 -0.8125 0 3.8845 6.732
 8 1 0.389062 -0.8125 1 9.908 13.692
 8 1 0.389062 -0.8125 2 17.422 21.378
 8 1 0.389062 -0.8125 3 27.778 32.422
 8 1 0.389062 -0.8125 4 37.42 42.52
 8 1 0.389062 -0.8125 5 42.496 51.904
 8 2 0.389062 -0.6875 0 5.018 7.454
 8 2 0.389062 -0.6875 1 10.6335 14.1165
 8 2 0.389062 -0.6875 2 17.878 21.363
 8 2 0.389062 -0.6875 3 27.778 32.422
 8 2 0.389062 -0.6875 4 32.36 42.56
 8 2 0.389062 -0.6875 5 42.496 51.904
 8 3 0.389062 -0.5625 0 5.7495 8.2005
 8 3 0.389062 -0.5625 1 11.488 14.548
 8 3 0.389062 -0.5625 2 18.016 21.3735
 8 3 0.389062 -0.5625 3 27.778 32.422
 8 3 0.389062 -0.5625 4 32.36 42.56
 8 3 0.389062 -0.5625 5 42.496 51.904
 8 4 0.389062 -0.4375 0 6.271 8.779
 8 4 0.389062 -0.4375 1 11.926 14.824
 8 4 0.389062 -0.4375 2 18.1335 21.576
 8 4 0.389062 -0.4375 3 27.8015 27.825
 8 4 0.389062 -0.4375 4 32.38 37.48
 8 4 0.389062 -0.4375 5 42.48 47.58
 8 5 0.389062 -0.3125 0 6.582 9.047
 8 5 0.389062 -0.3125 1 12.052 15.112
 8 5 0.389062 -0.3125 2 18.308 21.5805
 8 5 0.389062 -0.3125 3 27.8015 27.825
 8 5 0.389062 -0.3125 4 32.38 37.48
 8 5 0.389062 -0.3125 5 42.48 47.58
 8 6 0.389062 -0.1875 0 7.1425 9.48
 8 6 0.389062 -0.1875 1 12.4775 15.2725
 8 6 0.389062 -0.1875 2 18.4265 21.8235
 8 6 0.389062 -0.1875 3 22.78 27.88
 8 6 0.389062 -0.1875 4 32.38 37.48
 8 6 0.389062 -0.1875 5 42.48 47.58
 8 7 0.389062 -0.0625 0 7.574 10.068
 8 7 0.389062 -0.0625 1 12.6275 15.4225
 8 7 0.389062 -0.0625 2 18.4195 21.7305
 8 7 0.389062 -0.0625 3 27.8015 27.825
 8 7 0.389062 -0.0625 4 32.38 37.48
 8 7 0.389062 -0.0625 5 42.48 47.58
 8 8 0.389062 0.0625 0 8.02 10.3575
 8 8 0.389062 0.0625 1 13.067 15.702
 8 8 0.389062 0.0625 2 18.58 22.02
 8 8 0.389062 0.0625 3 22.78 27.88
 8 8 0.389062 0.0625 4 32.38 37.48
 8 8 0.389062 0.0625 5 37.308 47.574
 8 9 0.389062 0.1875 0 8.46 11.04
 8 9 0.389062 0.1875 1 13.3635 16.017
 8 9 0.389062 0.1875 2 18.7195 22.0305
 8 9 0.389062 0.1875 3 22.78 27.88
 8 9 0.389062 0.1875 4 32.38 37.48
 8 9 0.389062 0.1875 5 37.308 47.574
 8 10 0.389062 0.3125 0 9.018 11.454
 8 10 0.389062 0.3125 1 13.633 16.2865
 8 10 0.389062 0.3125 2 18.8695 22.142
 8 10 0.389062 0.3125 3 22.78 27.88
 8 10 0.389062 0.3125 4 32.38 37.48
 8 10 0.389062 0.3125 5 37.308 47.574
 8 11 0.389062 0.4375 0 9.5995 12.0505
 8 11 0.389062 0.4375 1 13.948 16.583
 8 11 0.389062 0.4375 2 19.0195 22.292
 8 11 0.389062 0.4375 3 22.78 27.88
 8 11 0.389062 0.4375 4 32.38 37.48
 8 11 0.389062 0.4375 5 37.42 42.52
 8 12 0.389062 0.5625 0 10.0495 12.472
 8 12 0.389062 0.5625 1 14.217 16.883
 8 12 0.389062 0.5625 2 19.1695 22.442
 8 12 0.389062 0.5625 3 22.78 27.88
 8 12 0.389062 0.5625 4 32.38 37.48
 8 12 0.389062 0.5625 5 37.42 42.52
 8 13 0.389062 0.6875 0 10.87 13.2075
 8 13 0.389062 0.6875 1 14.664 17.436
 8 13 0.389062 0.6875 2 19.3055 22.4445
 8 13 0.389062 0.6875 3 22.78 27.88
 8 13 0.389062 0.6875 4 32.38 37.48
 8 13 0.389062 0.6875 5 37.42 42.52
 8 14 0.389062 0.8125 0 11.567 14.202
 8 14 0.389062 0.8125 1 15.2275 18.0225
 8 14 0.389062 0.8125 2 19.458 22.7305
 8 14 0.389062 0.8125 3 22.78 27.88
 8 14 0.389062 0.8125 4 27.784 37.528
 8 14 0.389062 0.8125 5 37.42 42.52
 8 15 0.389062 0.9375 0 12.59 18.61
 8 15 0.389062 0.9375 1 15.688 20.873
 8 15 0.389062 0.9375 2 19.7185 23.586
 8 15 0.389062 0.9375 3 22.78 27.88
 8 15 0.389062 0.9375 4 27.778 32.422
 8 15 0.389062 0.9375 5 27.792 42.582
 9 0 0.437187 -0.9375 0 -0.32 6.905
 9 0 0.437187 -0.9375 1 8.618 14.982
 9 0 0.437187 -0.9375 2 19.016 23.488
 9 0 0.437187 -0.9375 3 27.784 37.528
 9 0 0.437187 -0.9375 4 42.496 51.904
 9 0 0.437187 -0.9375 5 51.84 62.16
 9 1 0.437187 -0.8125 0 5.167 7.833
 9 1 0.437187 -0.8125 1 12.204 15.434
 9 1 0.437187 -0.8125 2 20.1545 23.8955
 9 1 0.437187 -0.8125 3 27.778 32.422
 9 1 0.437187 -0.8125 4 37.308 47.574
 9 1 0.437187 -0.8125 5 47.496 56.904
 9 2 0.437187 -0.6875 0 6.1995 8.622
 9 2 0.437187 -0.6875 1 12.788 15.712
 9 2 0.437187 -0.6875 2 20.3045 24.0455
 9 2 0.437187 -0.6875 3 27.778 32.422
 9 2 0.437187 -0.6875 4 37.308 47.574
 9 2 0.437187 -0.6875 5 47.496 56.904
 9 3 0.437187 -0.5625 0 6.5775 9.34
 9 3 0.437187 -0.5625 1 13.1345 16.0155
 9 3 0.437187 -0.5625 2 20.624 24.026
 9 3 0.437187 -0.5625 3 27.778 32.422
 9 3 0.437187 -0.5625 4 37.42 42.52
 9 3 0.437187 -0.5625 5 47.496 56.904
 9 4 0.437187 -0.4375 0 7.1635 9.7865
 9 4 0.437187 -0.4375 1 13.502 16.598
 9 4 0.437187 -0.4375 2 20.7335 24.176
 9 4 0.437187 -0.4375 3 27.778 32.422
 9 4 0.437187 -0.4375 4 37.42 42.52
 9 4 0.437187 -0.4375 5 47.496 56.904
 9 5 0.437187 -0.3125 0 7.717 10.352
 9 5 0.437187 -0.3125 1 13.938 16.862
 9 5 0.437187 -0.3125 2 20.88 24.32
 9 5 0.437187 -0.3125 3 27.778 32.422
 9 5 0.437187 -0.3125 4 37.42 42.52
 9 5 0.437187 -0.3125 5 47.516 51.884
 9 6 0.437187 -0.1875 0 8.172 11.028
 9 6 0.437187 -0.1875 1 14.2275 17.0225
 9 6 0.437187 -0.1875 2 21.058 24.3305
 9 6 0.437187 -0.1875 3 27.778 32.422
 9 6 0.437187 -0.1875 4 37.42 42.52
 9 6 0.437187 -0.1875 5 47.516 51.884
 9 7 0.437187 -0.0625 0 8.724 11.476
 9 7 0.437187 -0.0625 1 14.522 17.412
 9 7 0.437187 -0.0625 2 21.18 24.62
 9 7 0.437187 -0.0625 3 27.778 32.422
 9 7 0.437187 -0.0625 4 37.42 42.52
 9 7 0.437187 -0.0625 5 47.516 51.884
 9 8 0.437187 0.0625 0 9.174 11.894
 9 8 0.437187 0.0625 1 14.814 17.586
 9 8 0.437187 0.0625 2 21.18 24.62
 9 8 0.437187 0.0625 3 27.778 32.422
 9 8 0.437187 0.0625 4 37.42 42.52
 9 8 0.437187 0.0625 5 47.516 51.884
 9 9 0.437187 0.1875 0 9.6205 12.3295
 9 9 0.437187 0.1875 1 15.248 17.883
 9 9 0.437187 0.1875 2 21.237 24.763
 9 9 0.437187 0.1875 3 27.778 32.422
 9 9 0.437187 0.1875 4 37.42 42.52
 9 9 0.437187 0.1875 5 42.496 51.904
 9 10 0.437187 0.3125 0 10.024 12.776
 9 10 0.437187 0.3125 1 15.238 18.162
 9 10 0.437187 0.3125 2 21.2475 24.9025
 9 10 0.437187 0.3125 3 27.778 32.422
 9 10 0.437187 0.3125 4 37.42 42.52
 9 10 0.437187 0.3125 5 42.496 51.904
 9 11 0.437187 0.4375 0 10.87 13.2075
 9 11 0.437187 0.4375 1 15.5485 18.6015
 9 11 0.437187 0.4375 2 21.2475 24.9025
 9 11 0.437187 0.4375 3 27.778 32.422
 9 11 0.437187 0.4375 4 37.42 42.52
 9 11 0.437187 0.4375 5 42.496 51.904
 9 12 0.437187 0.5625 0 11.303 13.768
 9 12 0.437187 0.5625 1 15.895 18.905
 9 12 0.437187 0.5625 2 21.41 25.19
 9 12 0.437187 0.5625 3 27.778 32.422
 9 12 0.437187 0.5625 4 37.42 42.52
 9 12 0.437187 0.5625 5 42.496 51.904
 9 13 0.437187 0.6875 0 11.882 14.347
 9 13 0.437187 0.6875 1 16.252 19.348
 9 13 0.437187 0.6875 2 21.687 25.213
 9 13 0.437187 0.6875 3 27.778 32.422
 9 13 0.437187 0.6875 4 32.36 42.56
 9 13 0.437187 0.6875 5 42.48 47.58
 9 14 0.437187 0.8125 0 12.744 15.3365
 9 14 0.437187 0.8125 1 16.6905 20.2595
 9 14 0.437187 0.8125 2 21.994 25.649
 9 14 0.437187 0.8125 3 27.778 32.422
 9 14 0.437187 0.8125 4 32.36 42.56
 9 14 0.437187 0.8125 5 42.48 47.58
 9 15 0.437187 0.9375 0 13.746 20.454
 9 15 0.437187 0.9375 1 17.569 23.331
 9 15 0.437187 0.9375 2 22.264 26.684
 9 15 0.437187 0.9375 3 27.778 32.422
 9 15 0.437187 0.9375 4 32.38 37.48
 9 15 0.437187 0.9375 5 37.308 47.574
 10 0 0.485312 -0.9375 0 1.54 8.34
 10 0 0.485312 -0.9375 1 11.036 16.731
 10 0 0.485312 -0.9375 2 21.706 26.694
 10 0 0.485312 -0.9375 3 32.38 37.48
 10 0 0.485312 -0.9375 4 47.516 51.884
 10 0 0.485312 -0.9375 5 56.79 71.24
 10 1 0.485312 -0.8125 0 6.116 9.346
 10 1 0.485312 -0.8125 1 13.7765 17.1735
 10 1 0.485312 -0.8125 2 22.416 26.836
 10 1 0.485312 -0.8125 3 32.38 37.48
 10 1 0.485312 -0.8125 4 42.496 51.904
 10 1 0.485312 -0.8125 5 56.888 62.073
 10 2 0.485312 -0.6875 0 7.0125 10.2
 10 2 0.485312 -0.6875 1 14.652 17.748
 10 2 0.485312 -0.6875 2 22.716 27.136
 10 2 0.485312 -0.6875 3 32.38 37.48
 10 2 0.485312 -0.6875 4 42.496 51.904
 10 2 0.485312 -0.6875 5 51.84 62.16
 10 3 0.485312 -0.5625 0 7.7275 10.49
 10 3 0.485312 -0.5625 1 14.952 18.012
 10 3 0.485312 -0.5625 2 22.671 27.282
 10 3 0.485312 -0.5625 3 32.38 37.48
 10 3 0.485312 -0.5625 4 42.496 51.904
 10 3 0.485312 -0.5625 5 51.84 62.16
 10 4 0.485312 -0.4375 0 8.4345 11.3155
 10 4 0.485312 -0.4375 1 15.254 18.446
 10 4 0.485312 -0.4375 2 23.0465 27.254
 10 4 0.485312 -0.4375 3 32.38 37.48
 10 4 0.485312 -0.4375 4 42.48 47.58
 10 4 0.485312 -0.4375 5 51.84 62.16
 10 5 0.485312 -0.3125 0 8.884 11.9015
 10 5 0.485312 -0.3125 1 15.3765 18.7735
 10 5 0.485312 -0.3125 2 23.288 27.4105
 10 5 0.485312 -0.3125 3 32.38 37.48
 10 5 0.485312 -0.3125 4 42.48 47.58
 10 5 0.485312 -0.3125 5 51.84 62.16
 10 6 0.485312 -0.1875 0 9.2985 12.3515
 10 6 0.485312 -0.1875 1 15.8125 19.0375
 10 6 0.485312 -0.1875 2 23.25 27.55
 10 6 0.485312 -0.1875 3 32.38 37.48
 10 6 0.485312 -0.1875 4 42.48 47.58
 10 6 0.485312 -0.1875 5 51.82 56.92
 10 7 0.485312 -0.0625 0 9.7345 12.6155
 10 7 0.485312 -0.0625 1 15.973 19.327
 10 7 0.485312 -0.0625 2 23.4 27.7
 10 7 0.485312 -0.0625 3 32.38 37.48
 10 7 0.485312 -0.0625 4 42.48 47.58
 10 7 0.485312 -0.0625 5 51.82 56.92
 10 8 0.485312 0.0625 0 10.703 13.197
 10 8 0.485312 0.0625 1 16.4125 19.6375
 10 8 0.485312 0.0625 2 23.5395 27.7105
 10 8 0.485312 0.0625 3 32.38 37.48
 10 8 0.485312 0.0625 4 42.48 47.58
 10 8 0.485312 0.0625 5 51.82 56.92
 10 9 0.485312 0.1875 0 11.1425 13.48
 10 9 0.485312 0.1875 1 16.68 20.12
 10 9 0.485312 0.1875 2 23.6895 27.8605
 10 9 0.485312 0.1875 3 32.38 37.48
 10 9 0.485312 0.1875 4 42.48 47.58
 10 9 0.485312 0.1875 5 51.82 56.92
 10 10 0.485312 0.3125 0 11.448 14.083
 10 10 0.485312 0.3125 1 16.98 20.42
 10 10 0.485312 0.3125 2 23.8395 28.0105
 10 10 0.485312 0.3125 3 32.38 37.48
 10 10 0.485312 0.3125 4 42.48 47.58
 10 10 0.485312 0.3125 5 47.496 56.904
 10 11 0.485312 0.4375 0 12.003 14.497
 10 11 0.485312 0.4375 1 17.4195 20.692
 10 11 0.485312 0.4375 2 23.979 27.974
 10 11 0.485312 0.4375 3 32.38 37.48
 10 11 0.485312 0.4375 4 42.496 51.904
 10 11 0.485312 0.4375 5 47.496 56.904
 10 12 0.485312 0.5625 0 12.596 14.703
 10 12 0.485312 0.5625 1 17.72 21.12
 10 12 0.485312 0.5625 2 24.129 28.124
 10 12 0.485312 0.5625 3 32.38 37.48
 10 12 0.485312 0.5625 4 42.48 47.58
 10 12 0.485312 0.5625 5 47.496 56.904
 10 13 0.485312 0.6875 0 13.174 15.554
 10 13 0.485312 0.6875 1 18.13 21.57
 10 13 0.485312 0.6875 2 24.292 28.408
 10 13 0.485312 0.6875 3 32.38 37.48
 10 13 0.485312 0.6875 4 37.308 47.574
 10 13 0.485312 0.6875 5 47.496 56.904
 10 14 0.485312 0.8125 0 13.9065 16.4435
 10 14 0.485312 0.8125 1 18.694 22.306
 10 14 0.485312 0.8125 2 24.565 28.435
 10 14 0.485312 0.8125 3 32.38 37.48
 10 14 0.485312 0.8125 4 37.308 47.574
 10 14 0.485312 0.8125 5 47.516 51.884
 10 15 0.485312 0.9375 0 14.918 21.282
 10 15 0.485312 0.9375 1 19.312 24.752
 10 15 0.485312 0.9375 2 24.732 29.322
 10 15 0.485312 0.9375 3 32.38 37.48
 10 15 0.485312 0.9375 4 37.42 42.52
 10 15 0.485312 0.9375 5 42.496 51.904
 11 0 0.533438 -0.9375 0 2.724 9.354
 11 0 0.533438 -0.9375 1 12.59 18.61
 11 0 0.533438 -0.9375 2 24.012 29.452
 11 0 0.533438 -0.9375 3 37.42 42.52
 11 0 0.533438 -0.9375 4 51.82 56.92
 11 0 0.533438 -0.9375 5 61.976 76.256
 11 1 0.533438 -0.8125 0 6.979 10.974
 11 1 0.533438 -0.8125 1 15.3685 19.2815
 11 1 0.533438 -0.8125 2 24.999 29.901
 11 1 0.533438 -0.8125 3 37.42 42.52
 11 1 0.533438 -0.8125 4 47.496 56.904
 11 1 0.533438 -0.8125 5 61.956 71.244
 11 2 0.533438 -0.6875 0 8.174 11.6165
 11 2 0.533438 -0.6875 1 16.126 20.121
 11 2 0.533438 -0.6875 2 25.278 29.868
 11 2 0.533438 -0.6875 3 37.42 42.52
 11 2 0.533438 -0.6875 4 47.496 56.904
 11 2 0.533438 -0.6875 5 62.013 67.087
 11 3 0.533438 -0.5625 0 8.873 12.188
 11 3 0.533438 -0.5625 1 16.529 20.571
 11 3 0.533438 -0.5625 2 25.934 30.014
 11 3 0.533438 -0.5625 3 37.42 42.52
 11 3 0.533438 -0.5625 4 47.496 56.904
 11 3 0.533438 -0.5625 5 56.84 67.16
 11 4 0.533438 -0.4375 0 9.459 12.641
 11 4 0.533438 -0.4375 1 16.829 20.824
 11 4 0.533438 -0.4375 2 25.943 30.157
 11 4 0.533438 -0.4375 3 37.42 42.52
 11 4 0.533438 -0.4375 4 47.516 51.884
 11 4 0.533438 -0.4375 5 56.84 67.16
 11 5 0.533438 -0.3125 0 10.046 13.191
 11 5 0.533438 -0.3125 1 17.265 21.135
 11 5 0.533438 -0.3125 2 26.222 30.1745
 11 5 0.533438 -0.3125 3 37.42 42.52
 11 5 0.533438 -0.3125 4 47.516 51.884
 11 5 0.533438 -0.3125 5 56.84 67.16
 11 6 0.533438 -0.1875 0 10.86 13.6225
 11 6 0.533438 -0.1875 1 17.694 21.264
 11 6 0.533438 -0.1875 2 26.218 30.082
 11 6 0.533438 -0.1875 3 37.42 42.52
 11 6 0.533438 -0.1875 4 47.516 51.884
 11 6 0.533438 -0.1875 5 56.84 67.16
 11 7 0.533438 -0.0625 0 11.288 14.212
 11 7 0.533438 -0.0625 1 17.9905 21.5595
 11 7 0.533438 -0.0625 2 26.494 30.106
 11 7 0.533438 -0.0625 3 37.42 42.52
 11 7 0.533438 -0.0625 4 47.516 51.884
 11 7 0.533438 -0.0625 5 56.84 67.16
 11 8 0.533438 0.0625 0 11.7275 14.49
 11 8 0.533438 0.0625 1 18.298 21.9955
 11 8 0.533438 0.0625 2 26.5045 30.2455
 11 8 0.533438 0.0625 3 37.42 42.52
 11 8 0.533438 0.0625 4 47.516 51.884
 11 8 0.533438 0.0625 5 56.888 62.073
 11 9 0.533438 0.1875 0 12.153 14.647
 11 9 0.533438 0.1875 1 18.586 22.156
 11 9 0.533438 0.1875 2 26.664 30.5315
 11 9 0.533438 0.1875 3 37.42 42.52
 11 9 0.533438 0.1875 4 47.516 51.884
 11 9 0.533438 0.1875 5 56.888 62.073
 11 10 0.533438 0.3125 0 12.739 15.088
 11 10 0.533438 0.3125 1 18.8545 22.5955
 11 10 0.533438 0.3125 2 26.802 30.542
 11 10 0.533438 0.3125 3 37.42 42.52
 11 10 0.533438 0.3125 4 47.516 51.884
 11 10 0.533438 0.3125 5 56.888 62.073
 11 11 0.533438 0.4375 0 13.174 15.554
 11 11 0.533438 0.4375 1 19.144 22.714
 11 11 0.533438 0.4375 2 26.944 30.514
 11 11 0.533438 0.4375 3 37.42 42.52
 11 11 0.533438 0.4375 4 47.516 51.884
 11 11 0.533438 0.4375 5 56.888 62.073
 11 12 0.533438 0.5625 0 13.6635 16.2865
 11 12 0.533438 0.5625 1 19.78 23.22
 11 12 0.533438 0.5625 2 27.058 30.798
 11 12 0.533438 0.5625 3 37.42 42.52
 11 12 0.533438 0.5625 4 47.516 51.884
 11 12 0.533438 0.5625 5 51.84 62.16
 11 13 0.533438 0.6875 0 14.315 16.7075
 11 13 0.533438 0.6875 1 20.232 23.718
 11 13 0.533438 0.6875 2 27.236 30.806
 11 13 0.533438 0.6875 3 37.42 42.52
 11 13 0.533438 0.6875 4 42.496 51.904
 11 13 0.533438 0.6875 5 51.84 62.16
 11 14 0.533438 0.8125 0 14.9415 17.874
 11 14 0.533438 0.8125 1 20.6625 23.8875
 11 14 0.533438 0.8125 2 27.358 31.098
 11 14 0.533438 0.8125 3 37.4015 37.425
 11 14 0.533438 0.8125 4 42.496 51.904
 11 14 0.533438 0.8125 5 51.84 62.16
 11 15 0.533438 0.9375 0 15.946 22.576
 11 15 0.533438 0.9375 1 21.506 26.436
 11 15 0.533438 0.9375 2 27.793 31.958
 11 15 0.533438 0.9375 3 32.38 37.48
 11 15 0.533438 0.9375 4 42.48 47.58
 11 15 0.533438 0.9375 5 47.496 56.904
 12 0 0.581562 -0.9375 0 4.448 11.333
 12 0 0.581562 -0.9375 1 15.244 21.024
 12 0 0.581562 -0.9375 2 27.506 31.892
 12 0 0.581562 -0.9375 3 42.48 47.58
 12 0 0.581562 -0.9375 4 56.888 62.073
 12 0 0.581562 -0.9375 5 66.99 81.61
 12 1 0.581562 -0.8125 0 8.143 12.357
 12 1 0.581562 -0.8125 1 17.092 21.852
 12 1 0.581562 -0.8125 2 28.242 32.407
 12 1 0.581562 -0.8125 3 42.48 47.58
 12 1 0.581562 -0.8125 4 51.84 62.16
 12 1 0.581562 -0.8125 5 67.064 76.244
 12 2 0.581562 -0.6875 0 9.308 13.048
 12 2 0.581562 -0.6875 1 17.864 22.284
 12 2 0.581562 -0.6875 2 28.25 32.55
 12 2 0.581562 -0.6875 3 42.48 47.58
 12 2 0.581562 -0.6875 4 51.84 62.16
 12 2 0.581562 -0.6875 5 67.064 76.244
 12 3 0.581562 -0.5625 0 10.04 13.6525
 12 3 0.581562 -0.5625 1 18.4 22.75
 12 3 0.581562 -0.5625 2 28.608 32.994
 12 3 0.581562 -0.5625 3 42.48 47.58
 12 3 0.581562 -0.5625 4 51.84 62.16
 12 3 0.581562 -0.5625 5 67.043 71.208
 12 4 0.581562 -0.4375 0 11.138 14.062
 12 4 0.581562 -0.4375 1 18.876 22.871
 12 4 0.581562 -0.4375 2 28.8185 32.686
 12 4 0.581562 -0.4375 3 42.48 47.58
 12 4 0.581562 -0.4375 4 51.82 56.92
 12 4 0.581562 -0.4375 5 67.043 71.208
 12 5 0.581562 -0.3125 0 11.588 14.648
 12 5 0.581562 -0.3125 1 19.129 23.171
 12 5 0.581562 -0.3125 2 28.968 32.832
 12 5 0.581562 -0.3125 3 37.308 47.574
 12 5 0.581562 -0.3125 4 51.82 56.92
 12 5 0.581562 -0.3125 5 61.956 71.244
 12 6 0.581562 -0.1875 0 12.0275 14.79
 12 6 0.581562 -0.1875 1 19.794 23.449
 12 6 0.581562 -0.1875 2 29.114 32.9815
 12 6 0.581562 -0.1875 3 37.308 47.574
 12 6 0.581562 -0.1875 4 51.82 56.92
 12 6 0.581562 -0.1875 5 61.956 71.244
 12 7 0.581562 -0.0625 0 12.596 14.976
 12 7 0.581562 -0.0625 1 20.144 23.714
 12 7 0.581562 -0.0625 2 29.0825 33.12
 12 7 0.581562 -0.0625 3 37.308 47.574
 12 7 0.581562 -0.0625 4 51.82 56.92
 12 7 0.581562 -0.0625 5 61.956 71.244
 12 8 0.581562 0.0625 0 13.015 15.4075
 12 8 0.581562 0.0625 1 20.528 24.013
 12 8 0.581562 0.0625 2 29.264 33.1315
 12 8 0.581562 0.0625 3 37.42 42.52
 12 8 0.581562 0.0625 4 51.84 62.16
 12 8 0.581562 0.0625 5 61.956 71.244
 12 9 0.581562 0.1875 0 13.4565 15.9935
 12 9 0.581562 0.1875 1 20.8125 24.0375
 12 9 0.581562 0.1875 2 29.414 33.2815
 12 9 0.581562 0.1875 3 37.42 42.52
 12 9 0.581562 0.1875 4 51.82 56.92
 12 9 0.581562 0.1875 5 61.956 71.244
 12 10 0.581562 0.3125 0 13.9065 16.4435
 12 10 0.581562 0.3125 1 21.102 24.162
 12 10 0.581562 0.3125 2 29.372 33.328
 12 10 0.581562 0.3125 3 37.42 42.52
 12 10 0.581562 0.3125 4 51.82 56.92
 12 10 0.581562 0.3125 5 61.956 71.244
 12 11 0.581562 0.4375 0 14.34 16.86
 12 11 0.581562 0.4375 1 21.4 24.55
 12 11 0.581562 0.4375 2 29.702 33.398
 12 11 0.581562 0.4375 3 37.42 42.52
 12 11 0.581562 0.4375 4 51.82 56.92
 12 11 0.581562 0.4375 5 62.013 67.087
 12 12 0.581562 0.5625 0 14.824 17.576
 12 12 0.581562 0.5625 1 21.7985 24.8515
 12 12 0.581562 0.5625 2 29.808 33.548
 12 12 0.581562 0.5625 3 37.42 42.52
 12 12 0.581562 0.5625 4 47.496 56.904
 12 12 0.581562 0.5625 5 62.013 67.087
 12 13 0.581562 0.6875 0 15.238 18.162
 12 13 0.581562 0.6875 1 22.158 25.4305
 12 13 0.581562 0.6875 2 29.8185 33.686
 12 13 0.581562 0.6875 3 37.42 42.52
 12 13 0.581562 0.6875 4 47.496 56.904
 12 13 0.581562 0.6875 5 56.84 67.16
 12 14 0.581562 0.8125 0 15.974 19.376
 12 14 0.581562 0.8125 1 22.673 26.027
 12 14 0.581562 0.8125 2 29.886 34.014
 12 14 0.581562 0.8125 3 37.42 42.52
 12 14 0.581562 0.8125 4 47.496 56.904
 12 14 0.581562 0.8125 5 56.84 67.16
 12 15 0.581562 0.9375 0 17.118 23.482
 12 15 0.581562 0.9375 1 23.52 28.62
 12 15 0.581562 0.9375 2 30.199 35.158
 12 15 0.581562 0.9375 3 37.42 42.52
 12 15 0.581562 0.9375 4 47.516 51.884
 12 15 0.581562 0.9375 5 51.84 62.16
 13 0 0.629687 -0.9375 0 5.116 12.684
 13 0 0.629687 -0.9375 1 15.98 23.205
 13 0 0.629687 -0.9375 2 29.597 35.703
 13 0 0.629687 -0.9375 3 42.496 51.904
 13 0 0.629687 -0.9375 4 61.956 71.244
 13 0 0.629687 -0.9375 5 76.176 86.546
 13 1 0.629687 -0.8125 0 9.45 13.8
 13 1 0.629687 -0.8125 1 19.118 23.729
 13 1 0.629687 -0.8125 2 30.496 35.704
 13 1 0.629687 -0.8125 3 42.496 51.904
 13 1 0.629687 -0.8125 4 56.84 67.16
 13 1 0.629687 -0.8125 5 71.176 81.546
 13 2 0.629687 -0.6875 0 10.987 14.513
 13 2 0.629687 -0.6875 1 20.2115 24.0385
 13 2 0.629687 -0.6875 2 30.788 36.034
 13 2 0.629687 -0.6875 3 42.48 47.58
 13 2 0.629687 -0.6875 4 56.84 67.16
 13 2 0.629687 -0.6875 5 71.176 81.546
 13 3 0.629687 -0.5625 0 11.738 14.798
 13 3 0.629687 -0.5625 1 20.82 24.22
 13 3 0.629687 -0.5625 2 31.064 35.994
 13 3 0.629687 -0.5625 3 42.48 47.58
 13 3 0.629687 -0.5625 4 56.84 67.16
 13 3 0.629687 -0.5625 5 71.176 81.546
 13 4 0.629687 -0.4375 0 12.317 14.983
 13 4 0.629687 -0.4375 1 21.223 24.577
 13 4 0.629687 -0.4375 2 31.206 36.136
 13 4 0.629687 -0.4375 3 42.48 47.58
 13 4 0.629687 -0.4375 4 56.84 67.16
 13 4 0.629687 -0.4375 5 71.176 81.546
 13 5 0.629687 -0.3125 0 12.7775 15.5725
 13 5 0.629687 -0.3125 1 21.5335 25.0165
 13 5 0.629687 -0.3125 2 31.32 36.42
 13 5 0.629687 -0.3125 3 42.48 47.58
 13 5 0.629687 -0.3125 4 56.888 62.073
 13 5 0.629687 -0.3125 5 71.18 76.28
 13 6 0.629687 -0.1875 0 13.317 15.983
 13 6 0.629687 -0.1875 1 21.823 25.138
 13 6 0.629687 -0.1875 2 31.499 36.458
 13 6 0.629687 -0.1875 3 42.48 47.58
 13 6 0.629687 -0.1875 4 56.888 62.073
 13 6 0.629687 -0.1875 5 71.18 76.28
 13 7 0.629687 -0.0625 0 13.752 16.4295
 13 7 0.629687 -0.0625 1 22.112 25.427
 13 7 0.629687 -0.0625 2 31.499 36.458
 13 7 0.629687 -0.0625 3 42.48 47.58
 13 7 0.629687 -0.0625 4 56.888 62.073
 13 7 0.629687 -0.0625 5 67.064 76.244
 13 8 0.629687 0.0625 0 14.274 17.026
 13 8 0.629687 0.0625 1 22.3765 25.7735
 13 8 0.629687 0.0625 2 31.606 36.594
 13 8 0.629687 0.0625 3 42.48 47.58
 13 8 0.629687 0.0625 4 56.888 62.073
 13 8 0.629687 0.0625 5 67.064 76.244
 13 9 0.629687 0.1875 0 14.617 17.314
 13 9 0.629687 0.1875 1 22.6835 26.1665
 13 9 0.629687 0.1875 2 31.83 36.56
 13 9 0.629687 0.1875 3 42.48 47.58
 13 9 0.629687 0.1875 4 56.888 62.073
 13 9 0.629687 0.1875 5 67.064 76.244
 13 10 0.629687 0.3125 0 14.802 17.862
 13 10 0.629687 0.3125 1 23.123 26.438
 13 10 0.629687 0.3125 2 31.948 36.708
 13 10 0.629687 0.3125 3 42.48 47.58
 13 10 0.629687 0.3125 4 56.888 62.073
 13 10 0.629687 0.3125 5 67.064 76.244
 13 11 0.629687 0.4375 0 15.238 18.162
 13 11 0.629687 0.4375 1 23.409 26.591
 13 11 0.629687 0.4375 2 32.185 36.915
 13 11 0.629687 0.4375 3 42.48 47.58
 13 11 0.629687 0.4375 4 56.888 62.073
 13 11 0.629687 0.4375 5 67.064 76.244
 13 12 0.629687 0.5625 0 15.688 18.748
 13 12 0.629687 0.5625 1 23.712 27.027
 13 12 0.629687 0.5625 2 32.192 37.008
 13 12 0.629687 0.5625 3 42.48 47.58
 13 12 0.629687 0.5625 4 56.888 62.073
 13 12 0.629687 0.5625 5 67.043 71.208
 13 13 0.629687 0.6875 0 16.394 19.964
 13 13 0.629687 0.6875 1 23.937 27.463
 13 13 0.629687 0.6875 2 32.478 37.176
 13 13 0.629687 0.6875 3 42.48 47.58
 13 13 0.629687 0.6875 4 51.84 62.16
 13 13 0.629687 0.6875 5 67.043 71.208
 13 14 0.629687 0.8125 0 17.1045 20.8455
 13 14 0.629687 0.8125 1 24.2255 28.178
 13 14 0.629687 0.8125 2 32.771 37.276
 13 14 0.629687 0.8125 3 42.48 47.58
 13 14 0.629687 0.8125 4 51.84 62.16
 13 14 0.629687 0.8125 5 61.956 71.244
 13 15 0.629687 0.9375 0 18.225 24.6
 13 15 0.629687 0.9375 1 25.12 30.645
 13 15 0.629687 0.9375 2 33.054 38.187
 13 15 0.629687 0.9375 3 42.48 47.58
 13 15 0.629687 0.9375 4 51.82 56.92
 13 15 0.629687 0.9375 5 56.79 71.24
 14 0 0.677813 -0.9375 0 6.058 14.142
 14 0 0.677813 -0.9375 1 18.224 24.854
 14 0 0.677813 -0.9375 2 32.511 38.789
 14 0 0.677813 -0.9375 3 47.516 51.884
 14 0 0.677813 -0.9375 4 67.043 71.208
 14 0 0.677813 -0.9375 5 81.448 90.458
 14 1 0.677813 -0.8125 0 11.1475 14.8025
 14 1 0.677813 -0.8125 1 21.522 25.432
 14 1 0.677813 -0.8125 2 33.262 38.872
 14 1 0.677813 -0.8125 3 47.516 51.884
 14 1 0.677813 -0.8125 4 61.956 71.244
 14 1 0.677813 -0.8125 5 81.448 90.458
 14 2 0.677813 -0.6875 0 12.295 15.27
 14 2 0.677813 -0.6875 1 22.406 26.144
 14 2 0.677813 -0.6875 2 33.627 38.873
 14 2 0.677813 -0.6875 3 47.516 51.884
 14 2 0.677813 -0.6875 4 61.956 71.244
 14 2 0.677813 -0.6875 5 76.176 86.546
 14 3 0.677813 -0.5625 0 13.031 15.869
 14 3 0.677813 -0.5625 1 22.808 26.592
 14 3 0.677813 -0.5625 2 33.806 38.736
 14 3 0.677813 -0.5625 3 47.516 51.884
 14 3 0.677813 -0.5625 4 61.956 71.244
 14 3 0.677813 -0.5625 5 76.176 86.546
 14 4 0.677813 -0.4375 0 13.595 16.57
 14 4 0.677813 -0.4375 1 23.0975 26.7525
 14 4 0.677813 -0.4375 2 34.5 38.85
 14 4 0.677813 -0.4375 3 47.516 51.884
 14 4 0.677813 -0.4375 4 61.956 71.244
 14 4 0.677813 -0.4375 5 76.176 86.546
 14 5 0.677813 -0.3125 0 14.038 16.928
 14 5 0.677813 -0.3125 1 23.5335 27.0165
 14 5 0.677813 -0.3125 2 34.557 38.943
 14 5 0.677813 -0.3125 3 47.516 51.884
 14 5 0.677813 -0.3125 4 61.956 71.244
 14 5 0.677813 -0.3125 5 76.176 86.546
 14 6 0.677813 -0.1875 0 14.617 17.314
 14 6 0.677813 -0.1875 1 23.794 27.406
 14 6 0.677813 -0.1875 2 34.808 39.143
 14 6 0.677813 -0.1875 3 47.516 51.884
 14 6 0.677813 -0.1875 4 62.013 67.087
 14 6 0.677813 -0.1875 5 76.176 86.546
 14 7 0.677813 -0.0625 0 14.826 17.724
 14 7 0.677813 -0.0625 1 23.822 27.728
 14 7 0.677813 -0.0625 2 34.816 39.288
 14 7 0.677813 -0.0625 3 47.516 51.884
 14 7 0.677813 -0.0625 4 62.013 67.087
 14 7 0.677813 -0.0625 5 76.166 81.473
 14 8 0.677813 0.0625 0 14.9625 18.1875
 14 8 0.677813 0.0625 1 23.936 28.016
 14 8 0.677813 0.0625 2 34.95 39.25
 14 8 0.677813 0.0625 3 47.516 51.884
 14 8 0.677813 0.0625 4 62.013 67.087
 14 8 0.677813 0.0625 5 76.166 81.473
 14 9 0.677813 0.1875 0 15.5125 18.7375
 14 9 0.677813 0.1875 1 24.218 28.776
 14 9 0.677813 0.1875 2 35.057 39.392
 14 9 0.677813 0.1875 3 47.516 51.884
 14 9 0.677813 0.1875 4 62.013 67.087
 14 9 0.677813 0.1875 5 76.166 81.473
 14 10 0.677813 0.3125 0 15.944 19.556
 14 10 0.677813 0.3125 1 24.5 28.9
 14 10 0.677813 0.3125 2 35.246 39.404
 14 10 0.677813 0.3125 3 47.516 51.884
 14 10 0.677813 0.3125 4 62.013 67.087
 14 10 0.677813 0.3125 5 71.176 81.546
 14 11 0.677813 0.4375 0 16.544 20.114
 14 11 0.677813 0.4375 1 24.95 29.2
 14 11 0.677813 0.4375 2 35.392 39.557
 14 11 0.677813 0.4375 3 47.516 51.884
 14 11 0.677813 0.4375 4 62.013 67.087
 14 11 0.677813 0.4375 5 71.176 81.546
 14 12 0.677813 0.5625 0 17.132 20.618
 14 12 0.677813 0.5625 1 25.35 29.65
 14 12 0.677813 0.5625 2 35.53 39.5675
 14 12 0.677813 0.5625 3 47.516 51.884
 14 12 0.677813 0.5625 4 62.013 67.087
 14 12 0.677813 0.5625 5 71.176 81.546
 14 13 0.677813 0.6875 0 17.694 21.264
 14 13 0.677813 0.6875 1 25.843 30.057
 14 13 0.677813 0.6875 2 35.7825 39.8675
 14 13 0.677813 0.6875 3 47.516 51.884
 14 13 0.677813 0.6875 4 56.84 67.16
 14 13 0.677813 0.6875 5 71.176 81.546
 14 14 0.677813 0.8125 0 18.415 22.285
 14 14 0.677813 0.8125 1 26.416 30.836
 14 14 0.677813 0.8125 2 35.9325 39.97
 14 14 0.677813 0.8125 3 47.516 51.884
 14 14 0.677813 0.8125 4 56.84 67.16
 14 14 0.677813 0.8125 5 71.18 76.28
 14 15 0.677813 0.9375 0 20.055 25.645
 14 15 0.677813 0.9375 1 26.962 32.638
 14 15 0.677813 0.9375 2 36.218 40.882
 14 15 0.677813 0.9375 3 47.516 51.884
 14 15 0.677813 0.9375 4 56.84 67.16
 14 15 0.677813 0.9375 5 67.064 76.244
 15 0 0.725938 -0.9375 0 7.58 14.805
 15 0 0.725938 -0.9375 1 20.36 26.31
 15 0 0.725938 -0.9375 2 35.532 40.122
 15 0 0.725938 -0.9375 3 51.82 56.92
 15 0 0.725938 -0.9375 4 71.18 76.28
 15 0 0.725938 -0.9375 5 86.448 95.458
 15 1 0.725938 -0.8125 0 12.4415 15.4085
 15 1 0.725938 -0.8125 1 23.6625 26.8875
 15 1 0.725938 -0.8125 2 36.6615 40.4885
 15 1 0.725938 -0.8125 3 51.82 56.92
 15 1 0.725938 -0.8125 4 67.064 76.244
 15 1 0.725938 -0.8125 5 86.472 90.378
 15 2 0.725938 -0.6875 0 13.468 16.282
 15 2 0.725938 -0.6875 1 23.966 27.3235
 15 2 0.725938 -0.6875 2 37.2125 40.4375
 15 2 0.725938 -0.6875 3 51.82 56.92
 15 2 0.725938 -0.6875 4 67.064 76.244
 15 2 0.725938 -0.6875 5 86.472 90.378
 15 3 0.725938 -0.5625 0 14.34 16.86
 15 3 0.725938 -0.5625 1 24.3765 27.734
 15 3 0.725938 -0.5625 2 37.187 40.713
 15 3 0.725938 -0.5625 3 51.82 56.92
 15 3 0.725938 -0.5625 4 67.043 71.208
 15 3 0.725938 -0.5625 5 86.472 90.378
 15 4 0.725938 -0.4375 0 14.502 17.598
 15 4 0.725938 -0.4375 1 24.8115 28.6385
 15 4 0.725938 -0.4375 2 37.3835 40.8665
 15 4 0.725938 -0.4375 3 51.82 56.92
 15 4 0.725938 -0.4375 4 67.043 71.208
 15 4 0.725938 -0.4375 5 81.448 90.458
 15 5 0.725938 -0.3125 0 14.9415 17.874
 15 5 0.725938 -0.3125 1 25.11 28.935
 15 5 0.725938 -0.3125 2 37.562 40.838
 15 5 0.725938 -0.3125 3 51.82 56.92
 15 5 0.725938 -0.3125 4 67.043 71.208
 15 5 0.725938 -0.3125 5 81.448 90.458
 15 6 0.725938 -0.1875 0 15.468 18.3155
 15 6 0.725938 -0.1875 1 25.41 29.235
 15 6 0.725938 -0.1875 2 37.846 40.991
 15 6 0.725938 -0.1875 3 51.82 56.92
 15 6 0.725938 -0.1875 4 67.043 71.208
 15 6 0.725938 -0.1875 5 81.448 90.458
 15 7 0.725938 -0.0625 0 15.824 19.2665
 15 7 0.725938 -0.0625 1 25.665 29.49
 15 7 0.725938 -0.0625 2 37.823 41.138
 15 7 0.725938 -0.0625 3 51.82 56.92
 15 7 0.725938 -0.0625 4 67.043 71.208
 15 7 0.725938 -0.0625 5 81.413 86.487
 15 8 0.725938 0.0625 0 16.408 19.6805
 15 8 0.725938 0.0625 1 26.101 29.799
 15 8 0.725938 0.0625 2 37.8335 41.276
 15 8 0.725938 0.0625 3 51.82 56.92
 15 8 0.725938 0.0625 4 67.043 71.208
 15 8 0.725938 0.0625 5 81.413 86.487
 15 9 0.725938 0.1875 0 16.846 19.991
 15 9 0.725938 0.1875 1 26.41 30.235
 15 9 0.725938 0.1875 2 38.109 41.291
 15 9 0.725938 0.1875 3 51.82 56.92
 15 9 0.725938 0.1875 4 67.043 71.208
 15 9 0.725938 0.1875 5 81.413 86.487
 15 10 0.725938 0.3125 0 17.2695 20.542
 15 10 0.725938 0.3125 1 26.56 30.385
 15 10 0.725938 0.3125 2 38.2125 41.4375
 15 10 0.725938 0.3125 3 51.82 56.92
 15 10 0.725938 0.3125 4 67.043 71.208
 15 10 0.725938 0.3125 5 81.413 86.487
 15 11 0.725938 0.4375 0 17.8 20.9875
 15 11 0.725938 0.4375 1 27.1265 30.5235
 15 11 0.725938 0.4375 2 38.409 41.591
 15 11 0.725938 0.4375 3 51.82 56.92
 15 11 0.725938 0.4375 4 67.043 71.208
 15 11 0.725938 0.4375 5 81.413 86.487
 15 12 0.725938 0.5625 0 18.409 21.554
 15 12 0.725938 0.5625 1 27.401 31.099
 15 12 0.725938 0.5625 2 38.466 41.734
 15 12 0.725938 0.5625 3 51.82 56.92
 15 12 0.725938 0.5625 4 67.043 71.208
 15 12 0.725938 0.5625 5 76.176 86.546
 15 13 0.725938 0.6875 0 19.51 22.2725
 15 13 0.725938 0.6875 1 27.851 31.549
 15 13 0.725938 0.6875 2 38.516 41.8735
 15 13 0.725938 0.6875 3 51.82 56.92
 15 13 0.725938 0.6875 4 67.043 71.208
 15 13 0.725938 0.6875 5 76.166 81.473
 15 14 0.725938 0.8125 0 20.0775 22.8725
 15 14 0.725938 0.8125 1 28.7265 32.1235
 15 14 0.725938 0.8125 2 38.544 42.156
 15 14 0.725938 0.8125 3 51.82 56.92
 15 14 0.725938 0.8125 4 61.956 71.244
 15 14 0.725938 0.8125 5 76.166 81.473
 15 15 0.725938 0.9375 0 21.39 27.41
 15 15 0.725938 0.9375 1 29.472 34.487
 15 15 0.725938 0.9375 2 38.922 42.878
 15 15 0.725938 0.9375 3 51.8515 51.875
 15 15 0.725938 0.9375 4 62.013 67.087
 15 15 0.725938 0.9375 5 71.176 81.546
