 6 32 -0.02 0.75 2 -1 1
 0 0 -0.00796875 -0.5 0 -8.858 0.152
 0 0 -0.00796875 -0.5 1 -5.445 0.145
 0 0 -0.00796875 -0.5 2 -2.444 0.276
 0 0 -0.00796875 -0.5 3 -2.052 2.994
 0 0 -0.00796875 -0.5 4 -2.104 7.988
 0 0 -0.00796875 -0.5 5 -2.168 12.792
 0 1 -0.00796875 0.5 0 -0.1 8.5
 0 1 -0.00796875 0.5 1 0.056 5.152
 0 1 -0.00796875 0.5 2 -0.047 2.146
 0 1 -0.00796875 0.5 3 -1.9985 -1.975
 0 1 -0.00796875 0.5 4 -7.02 -1.98
 0 1 -0.00796875 0.5 5 -12.092 -1.944
 1 0 0.0160938 -0.5 0 -8.376 0.776
 1 0 0.0160938 -0.5 1 -5.475 0.975
 1 0 0.0160938 -0.5 2 -1.741 1.441
 1 0 0.0160938 -0.5 3 -2.052 2.994
 1 0 0.0160938 -0.5 4 -2.104 7.988
 1 0 0.0160938 -0.5 5 2.928 12.788
 1 1 0.0160938 0.5 0 0.104 9.776
 1 1 0.0160938 0.5 1 0.225 6.975
 1 1 0.0160938 0.5 2 0.2625 3.6
 1 1 0.0160938 0.5 3 -2.052 2.994
 1 1 0.0160938 0.5 4 -7.056 2.974
 1 1 0.0160938 0.5 5 -12.154 2.976
 2 0 0.0401563 -0.5 0 -8.788 1.188
 2 0 0.0401563 -0.5 1 -5.04 1.84
 2 0 0.0401563 -0.5 2 -0.75 2.742
 2 0 0.0401563 -0.5 3 2.925 2.9485
 2 0 0.0401563 -0.5 4 2.928 12.788
 2 0 0.0401563 -0.5 5 2.832 17.792
 2 1 0.0401563 0.5 0 0.648 10.26
 2 1 0.0401563 0.5 1 0.944 7.382
 2 1 0.0401563 0.5 2 1.4095 4.95
 2 1 0.0401563 0.5 3 -2.052 2.994
 2 1 0.0401563 0.5 4 -2.052 2.994
 2 1 0.0401563 0.5 5 -7.154 7.976
 3 0 0.0642187 -0.5 0 -7.85 1.72
 3 0 0.0642187 -0.5 1 -3.684 2.861
 3 0 0.0642187 -0.5 2 0.53 3.93
 3 0 0.0642187 -0.5 3 2.913 7.987
 3 0 0.0642187 -0.5 4 2.928 12.788
 3 0 0.0642187 -0.5 5 7.928 17.904
 3 1 0.0642187 0.5 0 1.112 10.802
 3 1 0.0642187 0.5 1 1.753 8.705
 3 1 0.0642187 0.5 2 2.566 6.2595
 3 1 0.0642187 0.5 3 2.925 2.9485
 3 1 0.0642187 0.5 4 -2.104 7.988
 3 1 0.0642187 0.5 5 -7.154 7.976
 4 0 0.0882813 -0.5 0 -7.8 2.32
 4 0 0.0882813 -0.5 1 -3.14 3.74
 4 0 0.0882813 -0.5 2 1.68 5.12
 4 0 0.0882813 -0.5 3 2.913 7.987
 4 0 0.0882813 -0.5 4 7.928 17.904
 4 0 0.0882813 -0.5 5 7.832 22.968
 4 1 0.0882813 0.5 0 1.68 11.03
 4 1 0.0882813 0.5 1 2.648 9.533
 4 1 0.0882813 0.5 2 3.751 7.406
 4 1 0.0882813 0.5 3 -2.104 7.988
 4 1 0.0882813 0.5 4 -2.104 7.988
 4 1 0.0882813 0.5 5 -2.168 12.792
 5 0 0.112344 -0.5 0 -7.056 2.974
 5 0 0.112344 -0.5 1 -2.436 4.536
 5 0 0.112344 -0.5 2 2.79 6.4025
 5 0 0.112344 -0.5 3 7.956 12.801
 5 0 0.112344 -0.5 4 7.928 17.904
 5 0 0.112344 -0.5 5 12.744 23.6
 5 1 0.112344 0.5 0 2.28 11.85
 5 1 0.112344 0.5 1 3.508 10.272
 5 1 0.112344 0.5 2 4.9125 8.4
 5 1 0.112344 0.5 3 2.913 7.987
 5 1 0.112344 0.5 4 2.928 12.788
 5 1 0.112344 0.5 5 2 12.788
 6 0 0.136406 -0.5 0 -5.92 3.54
 6 0 0.136406 -0.5 1 -1.8 5.454
 6 0 0.136406 -0.5 2 3.75 7.727
 6 0 0.136406 -0.5 3 7.956 12.801
 6 0 0.136406 -0.5 4 12.713 17.846
 6 0 0.136406 -0.5 5 12.646 27.954
 6 1 0.136406 0.5 0 2.848 11.964
 6 1 0.136406 0.5 1 4.332 10.868
 6 1 0.136406 0.5 2 6.066 9.334
 6 1 0.136406 0.5 3 7.9515 9.15
 6 1 0.136406 0.5 4 2.928 12.788
 6 1 0.136406 0.5 5 2.832 17.792
 7 0 0.160469 -0.5 0 -6.136 4.072
 7 0 0.160469 -0.5 1 -0.7 6.461
 7 0 0.160469 -0.5 2 4.9 9.04
 7 0 0.160469 -0.5 3 7.956 12.801
 7 0 0.160469 -0.5 4 12.744 22.892
 7 0 0.160469 -0.5 5 17.76 27.84
 7 1 0.160469 0.5 0 3.264 12.552
 7 1 0.160469 0.5 1 5.204 11.396
 7 1 0.160469 0.5 2 7.392 10.6405
 7 1 0.160469 0.5 3 7.956 12.801
 7 1 0.160469 0.5 4 7.928 17.904
 7 1 0.160469 0.5 5 2.832 17.792
 8 0 0.184531 -0.5 0 -5 4.858
 8 0 0.184531 -0.5 1 0.077 7.084
 8 0 0.184531 -0.5 2 6.085 10.2175
 8 0 0.184531 -0.5 3 12.713 17.846
 8 0 0.184531 -0.5 4 12.744 22.892
 8 0 0.184531 -0.5 5 17.618 32.408
 8 1 0.184531 0.5 0 3.88 13.34
 8 1 0.184531 0.5 1 6.111 12.681
 8 1 0.184531 0.5 2 8.5765 11.934
 8 1 0.184531 0.5 3 7.956 12.801
 8 1 0.184531 0.5 4 7.928 17.904
 8 1 0.184531 0.5 5 7.832 22.968
 9 0 0.208594 -0.5 0 -4.96 5.36
 9 0 0.208594 -0.5 1 0.616 8.096
 9 0 0.208594 -0.5 2 7.388 11.5105
 9 0 0.208594 -0.5 3 12.713 17.846
 9 0 0.208594 -0.5 4 17.76 27.84
 9 0 0.208594 -0.5 5 22.784 32.416
 9 1 0.208594 0.5 0 4.37 13.83
 9 1 0.208594 0.5 1 6.762 13.538
 9 1 0.208594 0.5 2 9.452 13.324
 9 1 0.208594 0.5 3 12.713 17.846
 9 1 0.208594 0.5 4 12.713 17.846
 9 1 0.208594 0.5 5 12.744 22.892
 10 0 0.232656 -0.5 0 -3.498 5.988
 10 0 0.232656 -0.5 1 1.9 8.968
 10 0 0.232656 -0.5 2 9 12.72
 10 0 0.232656 -0.5 3 12.713 17.846
 10 0 0.232656 -0.5 4 17.76 27.84
 10 0 0.232656 -0.5 5 22.792 37.582
 10 1 0.232656 0.5 0 4.824 14.6
 10 1 0.232656 0.5 1 7.553 14.742
 10 1 0.232656 0.5 2 11.1695 14.75
 10 1 0.232656 0.5 3 12.713 17.846
 10 1 0.232656 0.5 4 12.744 22.892
 10 1 0.232656 0.5 5 12.646 27.954
 11 0 0.256719 -0.5 0 -3.488 6.316
 11 0 0.256719 -0.5 1 2.867 9.833
 11 0 0.256719 -0.5 2 10.1545 14.026
 11 0 0.256719 -0.5 3 17.772 22.846
 11 0 0.256719 -0.5 4 22.784 32.416
 11 0 0.256719 -0.5 5 27.792 42.582
 11 1 0.256719 0.5 0 5.384 15.016
 11 1 0.256719 0.5 1 8.439 14.984
 11 1 0.256719 0.5 2 12.3195 15.6305
 11 1 0.256719 0.5 3 12.713 17.846
 11 1 0.256719 0.5 4 12.744 22.892
 11 1 0.256719 0.5 5 12.646 27.954
 12 0 0.280781 -0.5 0 -3.056 6.974
 12 0 0.280781 -0.5 1 4.146 10.854
 12 0 0.280781 -0.5 2 11.408 15.324
 12 0 0.280781 -0.5 3 17.772 22.846
 12 0 0.280781 -0.5 4 22.784 32.416
 12 0 0.280781 -0.5 5 27.792 42.582
 12 1 0.280781 0.5 0 5.96 15.704
 12 1 0.280781 0.5 1 9.348 16.152
 12 1 0.280781 0.5 2 13.3975 17.0525
 12 1 0.280781 0.5 3 17.772 22.846
 12 1 0.280781 0.5 4 17.76 27.84
 12 1 0.280781 0.5 5 17.618 32.408
 13 0 0.304844 -0.5 0 -2.4 7.458
 13 0 0.304844 -0.5 1 5.4 11.817
 13 0 0.304844 -0.5 2 12.982 16.468
 13 0 0.304844 -0.5 3 17.772 22.846
 13 0 0.304844 -0.5 4 27.784 37.528
 13 0 0.304844 -0.5 5 32.26 47.56
 13 1 0.304844 0.5 0 6.426 16.456
 13 1 0.304844 0.5 1 10.181 17.319
 13 1 0.304844 0.5 2 14.708 18.492
 13 1 0.304844 0.5 3 17.772 22.846
 13 1 0.304844 0.5 4 22.3 27.88
 13 1 0.304844 0.5 5 22.784 32.416
 14 0 0.328906 -0.5 0 -1.176 8.152
 14 0 0.328906 -0.5 1 6.104 12.868
 14 0 0.328906 -0.5 2 13.984 18.032
 14 0 0.328906 -0.5 3 22.78 27.88
 14 0 0.328906 -0.5 4 27.784 37.528
 14 0 0.328906 -0.5 5 32.26 47.56
 14 1 0.328906 0.5 0 6.872 16.952
 14 1 0.328906 0.5 1 11.17 18.052
 14 1 0.328906 0.5 2 15.87 19.78
 14 1 0.328906 0.5 3 17.772 22.846
 14 1 0.328906 0.5 4 22.784 32.416
 14 1 0.328906 0.5 5 22.792 37.582
 15 0 0.352969 -0.5 0 -1.92 8.64
 15 0 0.352969 -0.5 1 6.395 13.875
 15 0 0.352969 -0.5 2 14.849 19.3535
 15 0 0.352969 -0.5 3 22.78 27.88
 15 0 0.352969 -0.5 4 32.38 37.9
 15 0 0.352969 -0.5 5 37.376 51.996
 15 1 0.352969 0.5 0 7.426 17.574
 15 1 0.352969 0.5 1 12.153 18.947
 15 1 0.352969 0.5 2 17.294 20.949
 15 1 0.352969 0.5 3 22.78 27.88
 15 1 0.352969 0.5 4 22.784 32.416
 15 1 0.352969 0.5 5 27.792 42.582
 16 0 0.377031 -0.5 0 -1.704 9.432
 16 0 0.377031 -0.5 1 7.14 14.705
 16 0 0.377031 -0.5 2 16.2975 20.6535
 16 0 0.377031 -0.5 3 26.65 27.825
 16 0 0.377031 -0.5 4 32.36 42.56
 16 0 0.377031 -0.5 5 42.496 51.904
 16 1 0.377031 0.5 0 8.012 17.872
 16 1 0.377031 0.5 1 13.053 19.847
 16 1 0.377031 0.5 2 18.558 22.298
 16 1 0.377031 0.5 3 22.78 27.88
 16 1 0.377031 0.5 4 27.784 37.528
 16 1 0.377031 0.5 5 27.792 42.582
 17 0 0.401094 -0.5 0 0.108 10.152
 17 0 0.401094 -0.5 1 8.064 15.444
 17 0 0.401094 -0.5 2 18.022 21.806
 17 0 0.401094 -0.5 3 27.778 32.422
 17 0 0.401094 -0.5 4 37.42 43
 17 0 0.401094 -0.5 5 42.39 57.01
 17 1 0.401094 0.5 0 8.584 18.664
 17 1 0.401094 0.5 1 13.874 20.844
 17 1 0.401094 0.5 2 19.902 23.598
 17 1 0.401094 0.5 3 27.8015 27.825
 17 1 0.401094 0.5 4 27.784 37.528
 17 1 0.401094 0.5 5 32.26 47.56
 18 0 0.425156 -0.5 0 -0.318 10.518
 18 0 0.425156 -0.5 1 8.7 16.326
 18 0 0.425156 -0.5 2 18.993 23.158
 18 0 0.425156 -0.5 3 27.778 32.422
 18 0 0.425156 -0.5 4 37.308 47.574
 18 0 0.425156 -0.5 5 47.404 62.196
 18 1 0.425156 0.5 0 9.12 19.56
 18 1 0.425156 0.5 1 14.804 22.196
 18 1 0.425156 0.5 2 21.179 25.221
 18 1 0.425156 0.5 3 27.778 32.422
 18 1 0.425156 0.5 4 32.36 42.56
 18 1 0.425156 0.5 5 37.308 47.574
 19 0 0.449219 -0.5 0 1.426 11.456
 19 0 0.449219 -0.5 1 10.453 17.405
 19 0 0.449219 -0.5 2 20.768 24.632
 19 0 0.449219 -0.5 3 32.375 33.55
 19 0 0.449219 -0.5 4 37.308 48.4
 19 0 0.449219 -0.5 5 47.404 62.196
 19 1 0.449219 0.5 0 9.556 20.392
 19 1 0.449219 0.5 1 15.351 23.349
 19 1 0.449219 0.5 2 22.264 26.684
 19 1 0.449219 0.5 3 27.778 32.422
 19 1 0.449219 0.5 4 32.36 42.56
 19 1 0.449219 0.5 5 37.376 51.996
 20 0 0.473281 -0.5 0 2.44 12.23
 20 0 0.473281 -0.5 1 11.002 18.312
 20 0 0.473281 -0.5 2 21.671 26.282
 20 0 0.473281 -0.5 3 32.38 37.48
 20 0 0.473281 -0.5 4 42.496 51.904
 20 0 0.473281 -0.5 5 51.84 67.14
 20 1 0.473281 0.5 0 10.648 20.26
 20 1 0.473281 0.5 1 16.396 23.878
 20 1 0.473281 0.5 2 23.5395 27.7105
 20 1 0.473281 0.5 3 32.38 37.48
 20 1 0.473281 0.5 4 37.308 48.4
 20 1 0.473281 0.5 5 42.39 57.01
 21 0 0.497344 -0.5 0 1.51 12.69
 21 0 0.497344 -0.5 1 11.444 19.356
 21 0 0.497344 -0.5 2 22.52 27.68
 21 0 0.497344 -0.5 3 32.38 37.48
 21 0 0.497344 -0.5 4 42.496 51.904
 21 0 0.497344 -0.5 5 51.84 71.39
 21 1 0.497344 0.5 0 11.128 21.336
 21 1 0.497344 0.5 1 17.286 24.738
 21 1 0.497344 0.5 2 24.864 29.284
 21 1 0.497344 0.5 3 32.38 37.48
 21 1 0.497344 0.5 4 37.308 47.574
 21 1 0.497344 0.5 5 42.39 57.01
 22 0 0.521406 -0.5 0 2.68 13.36
 22 0 0.521406 -0.5 1 12.58 20.68
 22 0 0.521406 -0.5 2 23.96 29.18
 22 0 0.521406 -0.5 3 37.42 42.52
 22 0 0.521406 -0.5 4 47.496 56.904
 22 0 0.521406 -0.5 5 56.79 71.24
 22 1 0.521406 0.5 0 11.654 22.024
 22 1 0.521406 0.5 1 18.274 25.326
 22 1 0.521406 0.5 2 26.518 30.256
 22 1 0.521406 0.5 3 32.38 37.48
 22 1 0.521406 0.5 4 42.496 51.904
 22 1 0.521406 0.5 5 47.404 62.196
 23 0 0.545469 -0.5 0 3.654 14.268
 23 0 0.545469 -0.5 1 14.2 21.56
 23 0 0.545469 -0.5 2 25.9375 30.165
 23 0 0.545469 -0.5 3 37.42 42.52
 23 0 0.545469 -0.5 4 47.496 56.904
 23 0 0.545469 -0.5 5 61.976 76.256
 23 1 0.545469 0.5 0 12.308 22.574
 23 1 0.545469 0.5 1 19.12 26.428
 23 1 0.545469 0.5 2 27.952 31.956
 23 1 0.545469 0.5 3 37.42 42.52
 23 1 0.545469 0.5 4 42.496 51.904
 23 1 0.545469 0.5 5 47.404 62.196
 24 0 0.569531 -0.5 0 5.2 14.686
 24 0 0.569531 -0.5 1 15.216 22.784
 24 0 0.569531 -0.5 2 27.493 31.707
 24 0 0.569531 -0.5 3 37.42 42.52
 24 0 0.569531 -0.5 4 51.84 62.16
 24 0 0.569531 -0.5 5 61.976 76.256
 24 1 0.569531 0.5 0 12.932 23.546
 24 1 0.569531 0.5 1 20.46 27.74
 24 1 0.569531 0.5 2 29.229 33.271
 24 1 0.569531 0.5 3 37.42 42.52
 24 1 0.569531 0.5 4 47.496 56.904
 24 1 0.569531 0.5 5 51.84 67.14
 25 0 0.593594 -0.5 0 4.344 15.008
 25 0 0.593594 -0.5 1 15.392 23.807
 25 0 0.593594 -0.5 2 28.793 33.154
 25 0 0.593594 -0.5 3 42.48 47.58
 25 0 0.593594 -0.5 4 51.84 62.16
 25 0 0.593594 -0.5 5 66.99 81.61
 25 1 0.593594 0.5 0 13.542 23.4
 25 1 0.593594 0.5 1 21.32 28.628
 25 1 0.593594 0.5 2 30.348 35.108
 25 1 0.593594 0.5 3 42.478 42.5015
 25 1 0.593594 0.5 4 47.496 57.8
 25 1 0.593594 0.5 5 56.79 71.24
 26 0 0.617656 -0.5 0 5.068 15.732
 26 0 0.617656 -0.5 1 15.9 24.5
 26 0 0.617656 -0.5 2 29.604 35.022
 26 0 0.617656 -0.5 3 42.48 47.58
 26 0 0.617656 -0.5 4 56.84 67.16
 26 0 0.617656 -0.5 5 66.99 81.61
 26 1 0.617656 0.5 0 14.236 24.2
 26 1 0.617656 0.5 1 22.395 30.13
 26 1 0.617656 0.5 2 31.616 36.422
 26 1 0.617656 0.5 3 42.48 47.58
 26 1 0.617656 0.5 4 51.84 62.16
 26 1 0.617656 0.5 5 56.79 71.24
 27 0 0.641719 -0.5 0 6.672 16.528
 27 0 0.641719 -0.5 1 16.9 25.454
 27 0 0.641719 -0.5 2 30.595 36.445
 27 0 0.641719 -0.5 3 47.516 51.884
 27 0 0.641719 -0.5 4 56.79 71.24
 27 0 0.641719 -0.5 5 71.074 86.544
 27 1 0.641719 0.5 0 14.668 23.5
 27 1 0.641719 0.5 1 23.365 30.3
 27 1 0.641719 0.5 2 33.056 38.1
 27 1 0.641719 0.5 3 42.48 47.58
 27 1 0.641719 0.5 4 51.84 62.16
 27 1 0.641719 0.5 5 61.976 76.256
 28 0 0.665781 -0.5 0 6.096 17.232
 28 0 0.665781 -0.5 1 18.193 26.608
 28 0 0.665781 -0.5 2 32.486 38.19
 28 0 0.665781 -0.5 3 47.516 51.884
 28 0 0.665781 -0.5 4 61.956 71.244
 28 0 0.665781 -0.5 5 76.162 90.438
 28 1 0.665781 0.5 0 14.928 25.484
 28 1 0.665781 0.5 1 23.916 32.1
 28 1 0.665781 0.5 2 34.938 39.403
 28 1 0.665781 0.5 3 47.516 51.884
 28 1 0.665781 0.5 4 56.84 67.16
 28 1 0.665781 0.5 5 66.99 81.61
 29 0 0.689844 -0.5 0 7.068 17.732
 29 0 0.689844 -0.5 1 18.542 27.764
 29 0 0.689844 -0.5 2 33.476 39.256
 29 0 0.689844 -0.5 3 47.516 51.884
 29 0 0.689844 -0.5 4 61.956 71.244
 29 0 0.689844 -0.5 5 76.162 90.438
 29 1 0.689844 0.5 0 15.798 25.716
 29 1 0.689844 0.5 1 25.112 32.588
 29 1 0.689844 0.5 2 36.3975 40.8525
 29 1 0.689844 0.5 3 47.516 51.884
 29 1 0.689844 0.5 4 56.84 67.16
 29 1 0.689844 0.5 5 66.99 81.61
 30 0 0.713906 -0.5 0 7.51 18.69
 30 0 0.713906 -0.5 1 20.328 29.272
 30 0 0.713906 -0.5 2 35.527 40.712
 30 0 0.713906 -0.5 3 51.82 56.92
 30 0 0.713906 -0.5 4 67.064 76.244
 30 0 0.713906 -0.5 5 81.348 95.452
 30 1 0.713906 0.5 0 16.342 26.2
 30 1 0.713906 0.5 1 26.074 33.618
 30 1 0.713906 0.5 2 37.845 42.157
 30 1 0.713906 0.5 3 51.82 56.92
 30 1 0.713906 0.5 4 61.956 71.244
 30 1 0.713906 0.5 5 71.074 86.544
 31 0 0.737969 -0.5 0 8.424 19.304
 31 0 0.737969 -0.5 1 22.104 29.496
 31 0 0.737969 -0.5 2 37.544 41.156
 31 0 0.737969 -0.5 3 51.82 56.92
 31 0 0.737969 -0.5 4 71.18 76.28
 31 0 0.737969 -0.5 5 86.448 95.458
 31 1 0.737969 0.5 0 16.992 27.408
 31 1 0.737969 0.5 1 27.102 34.498
 31 1 0.737969 0.5 2 38.922 42.878
 31 1 0.737969 0.5 3 51.82 56.92
 31 1 0.737969 0.5 4 61.956 71.244
 31 1 0.737969 0.5 5 76.176 86.546
