 6 64 -0.02 0.75 4 -1 1
 0 0 -0.0139844 -0.75 0 0 0
 0 0 -0.0139844 -0.75 1 0 0
 0 0 -0.0139844 -0.75 2 0 0
 0 0 -0.0139844 -0.75 3 0 0
 0 0 -0.0139844 -0.75 4 0 0
 0 0 -0.0139844 -0.75 5 0 0
 0 1 -0.0139844 -0.25 0 0 0
 0 1 -0.0139844 -0.25 1 0 0
 0 1 -0.0139844 -0.25 2 0 0
 0 1 -0.0139844 -0.25 3 0 0
 0 1 -0.0139844 -0.25 4 0 0
 0 1 -0.0139844 -0.25 5 0 0
 0 2 -0.0139844 0.25 0 0 0
 0 2 -0.0139844 0.25 1 0 0
 0 2 -0.0139844 0.25 2 0 0
 0 2 -0.0139844 0.25 3 0 0
 0 2 -0.0139844 0.25 4 0 0
 0 2 -0.0139844 0.25 5 0 0
 0 3 -0.0139844 0.75 0 0 0
 0 3 -0.0139844 0.75 1 0 0
 0 3 -0.0139844 0.75 2 0 0
 0 3 -0.0139844 0.75 3 0 0
 0 3 -0.0139844 0.75 4 0 0
 0 3 -0.0139844 0.75 5 0 0
 1 0 -0.00195312 -0.75 0 -8.819 -1.681
 1 0 -0.00195312 -0.75 1 -5.443 -1.057
 1 0 -0.00195312 -0.75 2 -2.438 -0.159
 1 0 -0.00195312 -0.75 3 -2.052 2.994
 1 0 -0.00195312 -0.75 4 2.913 7.987
 1 0 -0.00195312 -0.75 5 2.928 12.788
 1 1 -0.00195312 -0.25 0 -1.909 0.1355
 1 1 -0.00195312 -0.25 1 -1.2168 0.0922
 1 1 -0.00195312 -0.25 2 -0.4612 0.2698
 1 1 -0.00195312 -0.25 3 -2.052 2.994
 1 1 -0.00195312 -0.25 4 -2.052 2.994
 1 1 -0.00195312 -0.25 5 -2.052 2.994
 1 2 -0.00195312 0.25 0 -0.032 2.008
 1 2 -0.00195312 0.25 1 0.075 1.395
 1 2 -0.00195312 0.25 2 -0.0305 0.7005
 1 2 -0.00195312 0.25 3 -1.9985 -1.975
 1 2 -0.00195312 0.25 4 -1.9985 -1.975
 1 2 -0.00195312 0.25 5 -1.9985 -1.975
 1 3 -0.00195312 0.75 0 1.846 8.476
 1 3 -0.00195312 0.75 1 1.2185 5.1315
 1 3 -0.00195312 0.75 2 0.3935 2.1565
 1 3 -0.00195312 0.75 3 -1.9985 -1.975
 1 3 -0.00195312 0.75 4 -7.02 -1.98
 1 3 -0.00195312 0.75 5 -12.092 -1.944
 2 0 0.0100781 -0.75 0 -8.24 -1.44
 2 0 0.0100781 -0.75 1 -5.408 -0.592
 2 0 0.0100781 -0.75 2 -1.725 0.425
 2 0 0.0100781 -0.75 3 2.925 2.9485
 2 0 0.0100781 -0.75 4 2.913 7.987
 2 0 0.0100781 -0.75 5 2.928 12.788
 2 1 0.0100781 -0.25 0 -1.7715 0.4215
 2 1 0.0100781 -0.25 1 -1.0884 0.5284
 2 1 0.0100781 -0.25 2 -0.3248 0.8448
 2 1 0.0100781 -0.25 3 -2.052 2.994
 2 1 0.0100781 -0.25 4 -2.052 2.994
 2 1 0.0100781 -0.25 5 2.925 2.9485
 2 2 0.0100781 0.25 0 0.1175 2.162
 2 2 0.0100781 0.25 1 0.2116 1.8284
 2 2 0.0100781 0.25 2 0.2626 1.2774
 2 2 0.0100781 0.25 3 -2.052 2.994
 2 2 0.0100781 0.25 4 -2.052 2.994
 2 2 0.0100781 0.25 5 -2.052 2.994
 2 3 0.0100781 0.75 0 1.944 9.856
 2 3 0.0100781 0.75 1 1.38 6.42
 2 3 0.0100781 0.75 2 0.689 3.011
 2 3 0.0100781 0.75 3 -2.052 2.994
 2 3 0.0100781 0.75 4 -7.02 -1.98
 2 3 0.0100781 0.75 5 -12.092 -1.944
 3 0 0.0221094 -0.75 0 -8.405 -1.095
 3 0 0.0221094 -0.75 1 -5.152 -0.168
 3 0 0.0221094 -0.75 2 -1.284 1.011
 3 0 0.0221094 -0.75 3 2.925 2.9485
 3 0 0.0221094 -0.75 4 2.913 7.987
 3 0 0.0221094 -0.75 5 2.928 12.788
 3 1 0.0221094 -0.25 0 -1.4715 0.7215
 3 1 0.0221094 -0.25 1 -0.6484 0.9684
 3 1 0.0221094 -0.25 2 0.404 1.424
 3 1 0.0221094 -0.25 3 2.925 2.9485
 3 1 0.0221094 -0.25 4 2.925 2.9485
 3 1 0.0221094 -0.25 5 2.913 7.987
 3 2 0.0221094 0.25 0 0.4145 2.459
 3 2 0.0221094 0.25 1 0.51 2.23
 3 2 0.0221094 0.25 2 0.8308 1.8574
 3 2 0.0221094 0.25 3 2.925 2.9485
 3 2 0.0221094 0.25 4 -2.052 2.994
 3 2 0.0221094 0.25 5 -2.052 2.994
 3 3 0.0221094 0.75 0 2.209 9.691
 3 3 0.0221094 0.75 1 1.76 6.92
 3 3 0.0221094 0.75 2 1.27 3.6075
 3 3 0.0221094 0.75 3 -2.052 2.994
 3 3 0.0221094 0.75 4 -7.056 2.974
 3 3 0.0221094 0.75 5 -7.056 2.974
 4 0 0.0341406 -0.75 0 -8.842 -0.852
 4 0 0.0341406 -0.75 1 -4.987 0.087
 4 0 0.0341406 -0.75 2 -0.776 1.718
 4 0 0.0341406 -0.75 3 2.925 2.9485
 4 0 0.0341406 -0.75 4 2.928 12.788
 4 0 0.0341406 -0.75 5 7.928 17.904
 4 1 0.0341406 -0.25 0 -1.3215 0.8715
 4 1 0.0341406 -0.25 1 -0.2065 1.536
 4 1 0.0341406 -0.25 2 0.8352 2.0048
 4 1 0.0341406 -0.25 3 2.925 2.9485
 4 1 0.0341406 -0.25 4 2.925 2.9485
 4 1 0.0341406 -0.25 5 2.913 7.987
 4 2 0.0341406 0.25 0 0.691 2.7355
 4 2 0.0341406 0.25 1 0.94 2.66
 4 2 0.0341406 0.25 2 1.4152 2.5848
 4 2 0.0341406 0.25 3 2.925 2.9485
 4 2 0.0341406 0.25 4 2.925 2.9485
 4 2 0.0341406 0.25 5 2.925 2.9485
 4 3 0.0341406 0.75 0 2.509 9.991
 4 3 0.0341406 0.75 1 2.206 7.252
 4 3 0.0341406 0.75 2 1.832 4.094
 4 3 0.0341406 0.75 3 -2.052 2.994
 4 3 0.0341406 0.75 4 -2.052 2.994
 4 3 0.0341406 0.75 5 -7.056 2.974
 5 0 0.0461719 -0.75 0 -7.92 -0.695
 5 0 0.0461719 -0.75 1 -4.294 0.694
 5 0 0.0461719 -0.75 2 -0.197 2.297
 5 0 0.0461719 -0.75 3 2.925 2.9485
 5 0 0.0461719 -0.75 4 2.928 12.788
 5 0 0.0461719 -0.75 5 7.928 17.904
 5 1 0.0461719 -0.25 0 -1.047 1.146
 5 1 0.0461719 -0.25 1 0.0792 1.8216
 5 1 0.0461719 -0.25 2 1.5552 2.7248
 5 1 0.0461719 -0.25 3 2.925 2.9485
 5 1 0.0461719 -0.25 4 2.913 7.987
 5 1 0.0461719 -0.25 5 2.913 7.987
 5 2 0.0461719 0.25 0 0.8285 3.0215
 5 2 0.0461719 0.25 1 1.37 3.09
 5 2 0.0461719 0.25 2 1.996 3.016
 5 2 0.0461719 0.25 3 2.925 2.9485
 5 2 0.0461719 0.25 4 2.925 2.9485
 5 2 0.0461719 0.25 5 2.913 7.987
 5 3 0.0461719 0.75 0 2.809 10.204
 5 3 0.0461719 0.75 1 2.648 7.352
 5 3 0.0461719 0.75 2 2.574 4.954
 5 3 0.0461719 0.75 3 2.925 2.9485
 5 3 0.0461719 0.75 4 -2.052 2.994
 5 3 0.0461719 0.75 5 -7.056 2.974
 6 0 0.0582031 -0.75 0 -7.636 -0.415
 6 0 0.0582031 -0.75 1 -3.708 1.108
 6 0 0.0582031 -0.75 2 0.553 3.018
 6 0 0.0582031 -0.75 3 2.913 7.987
 6 0 0.0582031 -0.75 4 7.956 12.801
 6 0 0.0582031 -0.75 5 7.928 17.904
 6 1 0.0582031 -0.25 0 -0.746 1.447
 6 1 0.0582031 -0.25 1 0.6516 2.2684
 6 1 0.0582031 -0.25 2 2.1352 3.3048
 6 1 0.0582031 -0.25 3 2.925 2.9485
 6 1 0.0582031 -0.25 4 2.913 7.987
 6 1 0.0582031 -0.25 5 7.9515 7.975
 6 2 0.0582031 0.25 0 1.1285 3.3215
 6 2 0.0582031 0.25 1 1.81 3.53
 6 2 0.0582031 0.25 2 2.5752 3.7848
 6 2 0.0582031 0.25 3 2.925 2.9485
 6 2 0.0582031 0.25 4 2.913 7.987
 6 2 0.0582031 0.25 5 2.913 7.987
 6 3 0.0582031 0.75 0 3.123 10.777
 6 3 0.0582031 0.75 1 3.055 8.645
 6 3 0.0582031 0.75 2 3.146 5.526
 6 3 0.0582031 0.75 3 2.925 2.9485
 6 3 0.0582031 0.75 4 -2.052 2.994
 6 3 0.0582031 0.75 5 -7.056 2.974
 7 0 0.0702344 -0.75 0 -7.82 -0.085
 7 0 0.0702344 -0.75 1 -3.58 1.58
 7 0 0.0702344 -0.75 2 1.256 3.518
 7 0 0.0702344 -0.75 3 2.913 7.987
 7 0 0.0702344 -0.75 4 7.956 12.801
 7 0 0.0702344 -0.75 5 7.928 17.904
 7 1 0.0702344 -0.25 0 -0.4715 1.7215
 7 1 0.0702344 -0.25 1 0.9505 2.7995
 7 1 0.0702344 -0.25 2 2.7194 3.9406
 7 1 0.0702344 -0.25 3 2.913 7.987
 7 1 0.0702344 -0.25 4 7.9515 7.975
 7 1 0.0702344 -0.25 5 7.956 12.801
 7 2 0.0702344 0.25 0 1.4285 3.6215
 7 2 0.0702344 0.25 1 2.214 3.9565
 7 2 0.0702344 0.25 2 3.2882 4.3718
 7 2 0.0702344 0.25 3 2.925 2.9485
 7 2 0.0702344 0.25 4 2.913 7.987
 7 2 0.0702344 0.25 5 2.913 7.987
 7 3 0.0702344 0.75 0 3.402 10.798
 7 3 0.0702344 0.75 1 3.656 8.501
 7 3 0.0702344 0.75 2 3.7065 6.2435
 7 3 0.0702344 0.75 3 2.925 2.9485
 7 3 0.0702344 0.75 4 -2.052 2.994
 7 3 0.0702344 0.75 5 -7.154 7.976
 8 0 0.0822656 -0.75 0 -7.748 0.148
 8 0 0.0822656 -0.75 1 -3.146 1.987
 8 0 0.0822656 -0.75 2 1.696 4.076
 8 0 0.0822656 -0.75 3 7.9515 7.975
 8 0 0.0822656 -0.75 4 7.956 12.801
 8 0 0.0822656 -0.75 5 12.744 22.892
 8 1 0.0822656 -0.25 0 -0.1715 2.0215
 8 1 0.0822656 -0.25 1 1.379 3.2495
 8 1 0.0822656 -0.25 2 3.2952 4.5192
 8 1 0.0822656 -0.25 3 2.913 7.987
 8 1 0.0822656 -0.25 4 7.9515 7.975
 8 1 0.0822656 -0.25 5 7.956 12.801
 8 2 0.0822656 0.25 0 1.703 3.896
 8 2 0.0822656 0.25 1 2.6435 4.4065
 8 2 0.0822656 0.25 2 3.7752 4.9448
 8 2 0.0822656 0.25 3 2.913 7.987
 8 2 0.0822656 0.25 4 7.9515 7.975
 8 2 0.0822656 0.25 5 7.9515 7.975
 8 3 0.0822656 0.75 0 3.567 10.533
 8 3 0.0822656 0.75 1 3.913 8.987
 8 3 0.0822656 0.75 2 4.353 6.847
 8 3 0.0822656 0.75 3 -2.104 7.988
 8 3 0.0822656 0.75 4 -2.104 7.988
 8 3 0.0822656 0.75 5 -2.104 7.988
 9 0 0.0942969 -0.75 0 -7.084 0.484
 9 0 0.0942969 -0.75 1 -2.673 2.512
 9 0 0.0942969 -0.75 2 2.265 4.6575
 9 0 0.0942969 -0.75 3 7.9515 7.975
 9 0 0.0942969 -0.75 4 7.928 17.904
 9 0 0.0942969 -0.75 5 12.744 22.892
 9 1 0.0942969 -0.25 0 -0.038 2.311
 9 1 0.0942969 -0.25 1 1.804 3.674
 9 1 0.0942969 -0.25 2 3.7832 5.0922
 9 1 0.0942969 -0.25 3 7.9515 7.975
 9 1 0.0942969 -0.25 4 7.956 12.801
 9 1 0.0942969 -0.25 5 7.956 12.801
 9 2 0.0942969 0.25 0 1.8425 4.18
 9 2 0.0942969 0.25 1 3.07 4.83
 9 2 0.0942969 0.25 2 4.3552 5.5248
 9 2 0.0942969 0.25 3 7.9515 7.975
 9 2 0.0942969 0.25 4 7.9515 7.975
 9 2 0.0942969 0.25 5 7.956 12.801
 9 3 0.0942969 0.75 0 3.88 11.02
 9 3 0.0942969 0.75 1 4.388 9.512
 9 3 0.0942969 0.75 2 4.932 7.426
 9 3 0.0942969 0.75 3 2.913 7.987
 9 3 0.0942969 0.75 4 2.913 7.987
 9 3 0.0942969 0.75 5 -2.104 7.988
 10 0 0.106328 -0.75 0 -7.063 0.763
 10 0 0.106328 -0.75 1 -2.459 2.959
 10 0 0.106328 -0.75 2 2.7635 5.3865
 10 0 0.106328 -0.75 3 7.9515 7.975
 10 0 0.106328 -0.75 4 7.928 17.904
 10 0 0.106328 -0.75 5 12.744 22.892
 10 1 0.106328 -0.25 0 0.27 2.6075
 10 1 0.106328 -0.25 1 2.364 4.1065
 10 1 0.106328 -0.25 2 4.3576 5.8196
 10 1 0.106328 -0.25 3 7.9515 7.975
 10 1 0.106328 -0.25 4 7.956 12.801
 10 1 0.106328 -0.25 5 12.7515 12.775
 10 2 0.106328 0.25 0 2.2785 4.4715
 10 2 0.106328 0.25 1 3.514 5.277
 10 2 0.106328 0.25 2 4.9278 6.2522
 10 2 0.106328 0.25 3 7.9515 7.975
 10 2 0.106328 0.25 4 7.9515 7.975
 10 2 0.106328 0.25 5 7.956 12.801
 10 3 0.106328 0.75 0 4.116 11.596
 10 3 0.106328 0.75 1 4.82 9.98
 10 3 0.106328 0.75 2 5.4925 7.8575
 10 3 0.106328 0.75 3 2.913 7.987
 10 3 0.106328 0.75 4 2.913 7.987
 10 3 0.106328 0.75 5 -2.104 7.988
 11 0 0.118359 -0.75 0 -7.04 1.035
 11 0 0.118359 -0.75 1 -2.145 3.38
 11 0 0.118359 -0.75 2 3.152 5.8295
 11 0 0.118359 -0.75 3 7.956 12.801
 11 0 0.118359 -0.75 4 12.713 17.846
 11 0 0.118359 -0.75 5 12.646 27.954
 11 1 0.118359 -0.25 0 0.5425 2.88
 11 1 0.118359 -0.25 1 2.7935 4.536
 11 1 0.118359 -0.25 2 5.0832 6.3922
 11 1 0.118359 -0.25 3 7.9515 7.975
 11 1 0.118359 -0.25 4 7.956 12.801
 11 1 0.118359 -0.25 5 12.713 17.846
 11 2 0.118359 0.25 0 2.439 4.761
 11 2 0.118359 0.25 1 3.9435 5.7065
 11 2 0.118359 0.25 2 5.5078 6.8322
 11 2 0.118359 0.25 3 7.9515 7.975
 11 2 0.118359 0.25 4 7.956 12.801
 11 2 0.118359 0.25 5 7.956 12.801
 11 3 0.118359 0.75 0 4.402 11.798
 11 3 0.118359 0.75 1 5.213 10.287
 11 3 0.118359 0.75 2 6.0925 8.4575
 11 3 0.118359 0.75 3 7.9515 7.975
 11 3 0.118359 0.75 4 2.913 7.987
 11 3 0.118359 0.75 5 2.928 12.788
 12 0 0.130391 -0.75 0 -5.819 1.319
 12 0 0.130391 -0.75 1 -1.838 3.838
 12 0 0.130391 -0.75 2 3.7775 6.54
 12 0 0.130391 -0.75 3 7.956 12.801
 12 0 0.130391 -0.75 4 12.713 17.846
 12 0 0.130391 -0.75 5 17.76 27.84
 12 1 0.130391 -0.25 0 0.703 3.168
 12 1 0.130391 -0.25 1 3.22 4.98
 12 1 0.130391 -0.25 2 5.6632 6.9722
 12 1 0.130391 -0.25 3 7.9515 7.975
 12 1 0.130391 -0.25 4 12.7515 12.775
 12 1 0.130391 -0.25 5 12.713 17.846
 12 2 0.130391 0.25 0 2.853 5.046
 12 2 0.130391 0.25 1 4.37 6.13
 12 2 0.130391 0.25 2 6.0878 7.4122
 12 2 0.130391 0.25 3 7.9515 7.975
 12 2 0.130391 0.25 4 7.956 12.801
 12 2 0.130391 0.25 5 12.7515 12.775
 12 3 0.130391 0.75 0 4.688 11.912
 12 3 0.130391 0.75 1 5.688 10.812
 12 3 0.130391 0.75 2 6.812 9.038
 12 3 0.130391 0.75 3 7.9515 7.975
 12 3 0.130391 0.75 4 2.928 12.788
 12 3 0.130391 0.75 5 2.928 12.788
 13 0 0.142422 -0.75 0 -5.977 1.588
 13 0 0.142422 -0.75 1 -0.694 4.294
 13 0 0.142422 -0.75 2 4.4775 7.2725
 13 0 0.142422 -0.75 3 7.956 12.801
 13 0 0.142422 -0.75 4 12.713 17.846
 13 0 0.142422 -0.75 5 17.76 27.84
 13 1 0.142422 -0.25 0 0.986 3.464
 13 1 0.142422 -0.25 1 3.504 5.418
 13 1 0.142422 -0.25 2 6.092 7.688
 13 1 0.142422 -0.25 3 7.956 12.801
 13 1 0.142422 -0.25 4 12.7515 12.775
 13 1 0.142422 -0.25 5 12.713 17.846
 13 2 0.142422 0.25 0 3.02 5.3575
 13 2 0.142422 0.25 1 4.8168 6.4828
 13 2 0.142422 0.25 2 6.8152 7.9848
 13 2 0.142422 0.25 3 7.956 12.801
 13 2 0.142422 0.25 4 12.7515 12.775
 13 2 0.142422 0.25 5 12.713 17.846
 13 3 0.142422 0.75 0 4.904 11.024
 13 3 0.142422 0.75 1 6.108 10.392
 13 3 0.142422 0.75 2 7.246 9.3285
 13 3 0.142422 0.75 3 7.9515 7.975
 13 3 0.142422 0.75 4 7.956 12.801
 13 3 0.142422 0.75 5 2.928 12.788
 14 0 0.154453 -0.75 0 -6.142 1.942
 14 0 0.154453 -0.75 1 -0.512 4.734
 14 0 0.154453 -0.75 2 4.788 7.848
 14 0 0.154453 -0.75 3 12.7515 12.775
 14 0 0.154453 -0.75 4 12.744 22.892
 14 0 0.154453 -0.75 5 17.76 27.84
 14 1 0.154453 -0.25 0 1.2635 3.917
 14 1 0.154453 -0.25 1 3.941 5.9855
 14 1 0.154453 -0.25 2 6.8032 8.3168
 14 1 0.154453 -0.25 3 7.956 12.801
 14 1 0.154453 -0.25 4 12.713 17.846
 14 1 0.154453 -0.25 5 17.775 17.7985
 14 2 0.154453 0.25 0 3.2925 5.63
 14 2 0.154453 0.25 1 5.2568 6.9228
 14 2 0.154453 0.25 2 7.3906 8.7494
 14 2 0.154453 0.25 3 7.956 12.801
 14 2 0.154453 0.25 4 12.7515 12.775
 14 2 0.154453 0.25 5 12.713 17.846
 14 3 0.154453 0.75 0 5.288 12.512
 14 3 0.154453 0.75 1 6.556 11.401
 14 3 0.154453 0.75 2 7.9768 10.0432
 14 3 0.154453 0.75 3 7.956 12.801
 14 3 0.154453 0.75 4 7.956 12.801
 14 3 0.154453 0.75 5 2.928 12.788
 15 0 0.166484 -0.75 0 -4.928 2.212
 15 0 0.166484 -0.75 1 -0.64 5.31
 15 0 0.166484 -0.75 2 5.4915 8.4585
 15 0 0.166484 -0.75 3 12.7515 12.775
 15 0 0.166484 -0.75 4 17.772 22.846
 15 0 0.166484 -0.75 5 17.76 27.84
 15 1 0.166484 -0.25 0 1.553 4.047
 15 1 0.166484 -0.25 1 4.368 6.432
 15 1 0.166484 -0.25 2 7.3952 9.0442
 15 1 0.166484 -0.25 3 12.7515 12.775
 15 1 0.166484 -0.25 4 12.713 17.846
 15 1 0.166484 -0.25 5 17.772 22.846
 15 2 0.166484 0.25 0 3.589 5.938
 15 2 0.166484 0.25 1 5.6772 7.3432
 15 2 0.166484 0.25 2 7.9706 9.3294
 15 2 0.166484 0.25 3 12.7515 12.775
 15 2 0.166484 0.25 4 12.713 17.846
 15 2 0.166484 0.25 5 12.713 17.846
 15 3 0.166484 0.75 0 5.432 11.892
 15 3 0.166484 0.75 1 6.832 11.368
 15 3 0.166484 0.75 2 8.5936 10.6264
 15 3 0.166484 0.75 3 7.956 12.801
 15 3 0.166484 0.75 4 7.956 12.801
 15 3 0.166484 0.75 5 7.928 17.904
 16 0 0.178516 -0.75 0 -5.072 2.663
 16 0 0.178516 -0.75 1 0.06 5.58
 16 0 0.178516 -0.75 2 6.092 9.1945
 16 0 0.178516 -0.75 3 12.7515 12.775
 16 0 0.178516 -0.75 4 17.772 22.846
 16 0 0.178516 -0.75 5 22.784 32.416
 16 1 0.178516 -0.25 0 1.853 4.347
 16 1 0.178516 -0.25 1 4.818 6.624
 16 1 0.178516 -0.25 2 8.1576 9.6196
 16 1 0.178516 -0.25 3 12.7515 12.775
 16 1 0.178516 -0.25 4 12.713 17.846
 16 1 0.178516 -0.25 5 17.772 22.846
 16 2 0.178516 0.25 0 3.862 6.211
 16 2 0.178516 0.25 1 6.1184 7.7816
 16 2 0.178516 0.25 2 8.5804 10.0424
 16 2 0.178516 0.25 3 12.7515 12.775
 16 2 0.178516 0.25 4 12.713 17.846
 16 2 0.178516 0.25 5 17.775 17.7985
 16 3 0.178516 0.75 0 5.716 13.196
 16 3 0.178516 0.75 1 7.313 12.387
 16 3 0.178516 0.75 2 9.17 11.5075
 16 3 0.178516 0.75 3 7.956 12.801
 16 3 0.178516 0.75 4 7.956 12.801
 16 3 0.178516 0.75 5 7.928 17.904
 17 0 0.190547 -0.75 0 -4.219 2.919
 17 0 0.190547 -0.75 1 0.198 6.138
 17 0 0.190547 -0.75 2 6.7915 9.7585
 17 0 0.190547 -0.75 3 12.713 17.846
 17 0 0.190547 -0.75 4 17.772 22.846
 17 0 0.190547 -0.75 5 22.784 32.416
 17 1 0.190547 -0.25 0 2.274 4.768
 17 1 0.190547 -0.25 1 5.247 7.053
 17 1 0.190547 -0.25 2 8.7376 10.1996
 17 1 0.190547 -0.25 3 12.7515 12.775
 17 1 0.190547 -0.25 4 17.775 17.7985
 17 1 0.190547 -0.25 5 17.772 22.846
 17 2 0.190547 0.25 0 4.159 6.4645
 17 2 0.190547 0.25 1 6.4075 8.365
 17 2 0.190547 0.25 2 9.1604 10.6224
 17 2 0.190547 0.25 3 12.7515 12.775
 17 2 0.190547 0.25 4 12.713 17.846
 17 2 0.190547 0.25 5 17.772 22.846
 17 3 0.190547 0.75 0 6.002 13.398
 17 3 0.190547 0.75 1 7.764 12.694
 17 3 0.190547 0.75 2 9.7285 11.9215
 17 3 0.190547 0.75 3 12.7515 12.775
 17 3 0.190547 0.75 4 7.928 17.904
 17 3 0.190547 0.75 5 7.928 17.904
 18 0 0.202578 -0.75 0 -4.932 3.228
 18 0 0.202578 -0.75 1 0.66 6.61
 18 0 0.202578 -0.75 2 7.392 10.4945
 18 0 0.202578 -0.75 3 12.713 17.846
 18 0 0.202578 -0.75 4 17.772 22.846
 18 0 0.202578 -0.75 5 22.784 32.416
 18 1 0.202578 -0.25 0 2.432 4.926
 18 1 0.202578 -0.25 1 5.684 7.639
 18 1 0.202578 -0.25 2 9.314 11.0565
 18 1 0.202578 -0.25 3 12.7515 12.775
 18 1 0.202578 -0.25 4 17.772 22.846
 18 1 0.202578 -0.25 5 22.78 27.88
 18 2 0.202578 0.25 0 4.466 6.734
 18 2 0.202578 0.25 1 6.741 8.809
 18 2 0.202578 0.25 2 9.4435 11.2065
 18 2 0.202578 0.25 3 12.7515 12.775
 18 2 0.202578 0.25 4 17.775 17.7985
 18 2 0.202578 0.25 5 17.772 22.846
 18 3 0.202578 0.75 0 6.316 13.796
 18 3 0.202578 0.75 1 8.188 13.373
 18 3 0.202578 0.75 2 10.4565 12.9935
 18 3 0.202578 0.75 3 12.7515 12.775
 18 3 0.202578 0.75 4 12.713 17.846
 18 3 0.202578 0.75 5 12.713 17.846
 19 0 0.214609 -0.75 0 -4.542 3.542
 19 0 0.214609 -0.75 1 0.952 6.817
 19 0 0.214609 -0.75 2 8.152 11.212
 19 0 0.214609 -0.75 3 12.713 17.846
 19 0 0.214609 -0.75 4 17.76 27.84
 19 0 0.214609 -0.75 5 22.784 32.416
 19 1 0.214609 -0.25 0 2.7135 5.3365
 19 1 0.214609 -0.25 1 6.111 8.066
 19 1 0.214609 -0.25 2 10.0376 11.4996
 19 1 0.214609 -0.25 3 12.713 17.846
 19 1 0.214609 -0.25 4 17.772 22.846
 19 1 0.214609 -0.25 5 22.78 27.88
 19 2 0.214609 0.25 0 4.5995 7.022
 19 2 0.214609 0.25 1 7.1936 9.2264
 19 2 0.214609 0.25 2 10.4604 11.9224
 19 2 0.214609 0.25 3 12.713 17.846
 19 2 0.214609 0.25 4 17.775 17.7985
 19 2 0.214609 0.25 5 22.775 22.7985
 19 3 0.214609 0.75 0 6.58 13.805
 19 3 0.214609 0.75 1 8.48 13.52
 19 3 0.214609 0.75 2 11.0355 13.288
 19 3 0.214609 0.75 3 12.7515 12.775
 19 3 0.214609 0.75 4 12.713 17.846
 19 3 0.214609 0.75 5 12.744 22.892
 20 0 0.226641 -0.75 0 -3.505 3.805
 20 0 0.226641 -0.75 1 1.469 7.231
 20 0 0.226641 -0.75 2 8.876 11.8085
 20 0 0.226641 -0.75 3 17.775 17.7985
 20 0 0.226641 -0.75 4 22.78 27.88
 20 0 0.226641 -0.75 5 27.784 37.528
 20 1 0.226641 -0.25 0 3.0135 5.6365
 20 1 0.226641 -0.25 1 6.5575 8.515
 20 1 0.226641 -0.25 2 10.6116 12.2284
 20 1 0.226641 -0.25 3 12.713 17.846
 20 1 0.226641 -0.25 4 17.772 22.846
 20 1 0.226641 -0.25 5 22.78 27.88
 20 2 0.226641 0.25 0 4.896 7.332
 20 2 0.226641 0.25 1 7.608 9.672
 20 2 0.226641 0.25 2 11.1878 12.5122
 20 2 0.226641 0.25 3 12.713 17.846
 20 2 0.226641 0.25 4 17.772 22.846
 20 2 0.226641 0.25 5 22.78 27.88
 20 3 0.226641 0.75 0 6.712 14.277
 20 3 0.226641 0.75 1 8.927 14.112
 20 3 0.226641 0.75 2 11.606 13.868
 20 3 0.226641 0.75 3 12.713 17.846
 20 3 0.226641 0.75 4 12.713 17.846
 20 3 0.226641 0.75 5 12.744 22.892
 21 0 0.238672 -0.75 0 -3.488 4.077
 21 0 0.238672 -0.75 1 2.212 7.652
 21 0 0.238672 -0.75 2 9.438 12.362
 21 0 0.238672 -0.75 3 17.775 17.7985
 21 0 0.238672 -0.75 4 22.78 27.88
 21 0 0.238672 -0.75 5 27.784 37.528
 21 1 0.238672 -0.25 0 3.283 5.9365
 21 1 0.238672 -0.25 1 6.754 8.947
 21 1 0.238672 -0.25 2 11.1846 12.7154
 21 1 0.238672 -0.25 3 17.775 17.7985
 21 1 0.238672 -0.25 4 22.775 22.7985
 21 1 0.238672 -0.25 5 27.8015 27.825
 21 2 0.238672 0.25 0 5.309 7.6145
 21 2 0.238672 0.25 1 8.0645 10.109
 21 2 0.238672 0.25 2 11.772 13.148
 21 2 0.238672 0.25 3 17.775 17.7985
 21 2 0.238672 0.25 4 17.772 22.846
 21 2 0.238672 0.25 5 22.78 27.88
 21 3 0.238672 0.75 0 7.13 14.78
 21 3 0.238672 0.75 1 9.488 14.734
 21 3 0.238672 0.75 2 12.2065 14.7435
 21 3 0.238672 0.75 3 12.713 17.846
 21 3 0.238672 0.75 4 12.744 22.892
 21 3 0.238672 0.75 5 12.744 22.892
 22 0 0.250703 -0.75 0 -2.812 4.328
 22 0 0.250703 -0.75 1 2.92 8.08
 22 0 0.250703 -0.75 2 10.1705 12.848
 22 0 0.250703 -0.75 3 17.775 17.7985
 22 0 0.250703 -0.75 4 22.78 27.88
 22 0 0.250703 -0.75 5 27.784 37.528
 22 1 0.250703 -0.25 0 3.598 6.202
 22 1 0.250703 -0.25 1 7.1785 9.3715
 22 1 0.250703 -0.25 2 11.7646 13.2954
 22 1 0.250703 -0.25 3 17.775 17.7985
 22 1 0.250703 -0.25 4 22.775 22.7985
 22 1 0.250703 -0.25 5 27.778 32.422
 22 2 0.250703 0.25 0 5.478 7.9005
 22 2 0.250703 0.25 1 8.4936 10.5264
 22 2 0.250703 0.25 2 12.3496 13.7266
 22 2 0.250703 0.25 3 17.775 17.7985
 22 2 0.250703 0.25 4 22.775 22.7985
 22 2 0.250703 0.25 5 22.78 27.88
 22 3 0.250703 0.75 0 7.237 14.972
 22 3 0.250703 0.75 1 9.788 14.973
 22 3 0.250703 0.75 2 12.8285 15.0215
 22 3 0.250703 0.75 3 12.713 17.846
 22 3 0.250703 0.75 4 12.744 22.892
 22 3 0.250703 0.75 5 12.646 27.954
 23 0 0.262734 -0.75 0 -3.528 4.632
 23 0 0.262734 -0.75 1 3.055 8.645
 23 0 0.262734 -0.75 2 10.7345 13.582
 23 0 0.262734 -0.75 3 17.772 22.846
 23 0 0.262734 -0.75 4 22.784 32.416
 23 0 0.262734 -0.75 5 32.36 42.56
 23 1 0.262734 -0.25 0 3.878 6.3005
 23 1 0.262734 -0.25 1 7.6285 9.8215
 23 1 0.262734 -0.25 2 12.4846 14.0154
 23 1 0.262734 -0.25 3 17.775 17.7985
 23 1 0.262734 -0.25 4 22.78 27.88
 23 1 0.262734 -0.25 5 27.778 32.422
 23 2 0.262734 0.25 0 5.766 8.034
 23 2 0.262734 0.25 1 8.932 10.972
 23 2 0.262734 0.25 2 12.839 14.301
 23 2 0.262734 0.25 3 17.775 17.7985
 23 2 0.262734 0.25 4 22.775 22.7985
 23 2 0.262734 0.25 5 27.8015 27.825
 23 3 0.262734 0.75 0 7.532 14.068
 23 3 0.262734 0.75 1 10.224 14.676
 23 3 0.262734 0.75 2 13.403 15.596
 23 3 0.262734 0.75 3 17.775 17.7985
 23 3 0.262734 0.75 4 17.772 22.846
 23 3 0.262734 0.75 5 17.76 27.84
 24 0 0.274766 -0.75 0 -3.048 4.942
 24 0 0.274766 -0.75 1 4.106 9.094
 24 0 0.274766 -0.75 2 11.424 14.176
 24 0 0.274766 -0.75 3 17.772 22.846
 24 0 0.274766 -0.75 4 27.778 32.422
 24 0 0.274766 -0.75 5 32.36 42.56
 24 1 0.274766 -0.25 0 4.1495 6.6005
 24 1 0.274766 -0.25 1 8.058 10.242
 24 1 0.274766 -0.25 2 12.8435 14.586
 24 1 0.274766 -0.25 3 17.775 17.7985
 24 1 0.274766 -0.25 4 22.78 27.88
 24 1 0.274766 -0.25 5 27.778 32.422
 24 2 0.274766 0.25 0 6.0495 8.472
 24 2 0.274766 0.25 1 9.35 11.5
 24 2 0.274766 0.25 2 13.4116 15.0284
 24 2 0.274766 0.25 3 17.775 17.7985
 24 2 0.274766 0.25 4 22.78 27.88
 24 2 0.274766 0.25 5 27.778 32.422
 24 3 0.274766 0.75 0 7.809 15.291
 24 3 0.274766 0.75 1 10.62 15.72
 24 3 0.274766 0.75 2 13.989 16.338
 24 3 0.274766 0.75 3 17.775 17.7985
 24 3 0.274766 0.75 4 17.772 22.846
 24 3 0.274766 0.75 5 17.76 27.84
 25 0 0.286797 -0.75 0 -2.091 5.391
 25 0 0.286797 -0.75 1 4.513 9.528
 25 0 0.286797 -0.75 2 12.052 14.7295
 25 0 0.286797 -0.75 3 17.772 22.846
 25 0 0.286797 -0.75 4 27.778 32.422
 25 0 0.286797 -0.75 5 32.36 42.56
 25 1 0.286797 -0.25 0 4.4495 6.9005
 25 1 0.286797 -0.25 1 8.489 10.838
 25 1 0.286797 -0.25 2 13.564 15.3065
 25 1 0.286797 -0.25 3 17.772 22.846
 25 1 0.286797 -0.25 4 22.78 27.88
 25 1 0.286797 -0.25 5 32.375 32.3985
 25 2 0.286797 0.25 0 6.346 8.754
 25 2 0.286797 0.25 1 9.7855 12.091
 25 2 0.286797 0.25 2 13.9916 15.6084
 25 2 0.286797 0.25 3 17.772 22.846
 25 2 0.286797 0.25 4 22.78 27.88
 25 2 0.286797 0.25 5 27.778 32.422
 25 3 0.286797 0.75 0 8.123 15.777
 25 3 0.286797 0.75 1 11.148 16.136
 25 3 0.286797 0.75 2 14.582 17.018
 25 3 0.286797 0.75 3 17.775 17.7985
 25 3 0.286797 0.75 4 17.772 22.846
 25 3 0.286797 0.75 5 17.76 27.84
 26 0 0.298828 -0.75 0 -1.247 5.547
 26 0 0.298828 -0.75 1 5.464 9.988
 26 0 0.298828 -0.75 2 12.982 15.476
 26 0 0.298828 -0.75 3 22.775 22.7985
 26 0 0.298828 -0.75 4 27.778 32.422
 26 0 0.298828 -0.75 5 32.36 42.56
 26 1 0.298828 -0.25 0 4.7495 7.172
 26 1 0.298828 -0.25 1 8.928 11.3505
 26 1 0.298828 -0.25 2 14.1435 15.886
 26 1 0.298828 -0.25 3 17.772 22.846
 26 1 0.298828 -0.25 4 27.8015 27.825
 26 1 0.298828 -0.25 5 32.38 37.48
 26 2 0.298828 0.25 0 6.4275 9.19
 26 2 0.298828 0.25 1 10.224 12.604
 26 2 0.298828 0.25 2 14.7116 16.3284
 26 2 0.298828 0.25 3 17.772 22.846
 26 2 0.298828 0.25 4 22.78 27.88
 26 2 0.298828 0.25 5 27.778 32.422
 26 3 0.298828 0.75 0 8.409 15.891
 26 3 0.298828 0.75 1 11.736 16.608
 26 3 0.298828 0.75 2 15.16 17.74
 26 3 0.298828 0.75 3 17.772 22.846
 26 3 0.298828 0.75 4 17.76 27.84
 26 3 0.298828 0.75 5 22.784 32.416
 27 0 0.310859 -0.75 0 -2.514 5.914
 27 0 0.310859 -0.75 1 4.669 10.431
 27 0 0.310859 -0.75 2 13.276 16.174
 27 0 0.310859 -0.75 3 22.775 22.7985
 27 0 0.310859 -0.75 4 27.784 37.528
 27 0 0.310859 -0.75 5 37.308 47.574
 27 1 0.310859 -0.25 0 5.018 7.454
 27 1 0.310859 -0.25 1 9.3495 11.8005
 27 1 0.310859 -0.25 2 14.72 16.48
 27 1 0.310859 -0.25 3 22.775 22.7985
 27 1 0.310859 -0.25 4 27.778 32.422
 27 1 0.310859 -0.25 5 32.38 37.48
 27 2 0.310859 0.25 0 6.7275 9.49
 27 2 0.310859 0.25 1 10.6495 13.1005
 27 2 0.310859 0.25 2 15.3005 17.171
 27 2 0.310859 0.25 3 22.775 22.7985
 27 2 0.310859 0.25 4 27.8015 27.825
 27 2 0.310859 0.25 5 32.375 32.3985
 27 3 0.310859 0.75 0 8.728 16.463
 27 3 0.310859 0.75 1 12.213 17.346
 27 3 0.310859 0.75 2 15.8635 18.4865
 27 3 0.310859 0.75 3 17.772 22.846
 27 3 0.310859 0.75 4 22.78 27.88
 27 3 0.310859 0.75 5 22.784 32.416
 28 0 0.322891 -0.75 0 -1.196 6.284
 28 0 0.322891 -0.75 1 6.085 10.815
 28 0 0.322891 -0.75 2 13.9775 16.7725
 28 0 0.322891 -0.75 3 22.775 22.7985
 28 0 0.322891 -0.75 4 27.784 37.528
 28 0 0.322891 -0.75 5 37.308 47.574
 28 1 0.322891 -0.25 0 5.174 7.894
 28 1 0.322891 -0.25 1 9.794 12.3865
 28 1 0.322891 -0.25 2 15.3952 17.4692
 28 1 0.322891 -0.25 3 22.775 22.7985
 28 1 0.322891 -0.25 4 27.778 32.422
 28 1 0.322891 -0.25 5 32.38 37.48
 28 2 0.322891 0.25 0 6.874 9.626
 28 2 0.322891 0.25 1 11.189 13.538
 28 2 0.322891 0.25 2 15.876 17.746
 28 2 0.322891 0.25 3 22.775 22.7985
 28 2 0.322891 0.25 4 27.8015 27.825
 28 2 0.322891 0.25 5 32.38 37.48
 28 3 0.322891 0.75 0 8.837 16.572
 28 3 0.322891 0.75 1 12.48 17.58
 28 3 0.322891 0.75 2 16.4495 18.9005
 28 3 0.322891 0.75 3 17.772 22.846
 28 3 0.322891 0.75 4 22.78 27.88
 28 3 0.322891 0.75 5 22.784 32.416
 29 0 0.334922 -0.75 0 -0.719 6.419
 29 0 0.334922 -0.75 1 6.52 11.68
 29 0 0.334922 -0.75 2 14.559 17.741
 29 0 0.334922 -0.75 3 22.78 27.88
 29 0 0.334922 -0.75 4 32.38 37.48
 29 0 0.334922 -0.75 5 37.308 47.574
 29 1 0.334922 -0.25 0 5.6065 8.1435
 29 1 0.334922 -0.25 1 10.2135 12.806
 29 1 0.334922 -0.25 2 16.0145 18.0355
 29 1 0.334922 -0.25 3 22.775 22.7985
 29 1 0.334922 -0.25 4 27.778 32.422
 29 1 0.334922 -0.25 5 37.42 42.52
 29 2 0.334922 0.25 0 7.2775 10.0725
 29 2 0.334922 0.25 1 11.6285 13.8215
 29 2 0.334922 0.25 2 16.441 18.462
 29 2 0.334922 0.25 3 22.775 22.7985
 29 2 0.334922 0.25 4 27.778 32.422
 29 2 0.334922 0.25 5 32.38 37.48
 29 3 0.334922 0.75 0 9.137 16.872
 29 3 0.334922 0.75 1 12.92 18.02
 29 3 0.334922 0.75 2 17.148 19.783
 29 3 0.334922 0.75 3 22.775 22.7985
 29 3 0.334922 0.75 4 22.78 27.88
 29 3 0.334922 0.75 5 22.792 37.582
 30 0 0.346953 -0.75 0 -1.914 6.514
 30 0 0.346953 -0.75 1 6.462 12.072
 30 0 0.346953 -0.75 2 14.837 18.322
 30 0 0.346953 -0.75 3 22.78 27.88
 30 0 0.346953 -0.75 4 32.38 37.48
 30 0 0.346953 -0.75 5 37.376 51.996
 30 1 0.346953 -0.25 0 5.76 8.34
 30 1 0.346953 -0.25 1 10.66 13.24
 30 1 0.346953 -0.25 2 16.604 18.7715
 30 1 0.346953 -0.25 3 22.78 27.88
 30 1 0.346953 -0.25 4 32.375 32.3985
 30 1 0.346953 -0.25 5 37.42 42.52
 30 2 0.346953 0.25 0 7.4275 10.2225
 30 2 0.346953 0.25 1 12.208 14.392
 30 2 0.346953 0.25 2 17.282 19.196
 30 2 0.346953 0.25 3 22.775 22.7985
 30 2 0.346953 0.25 4 27.778 32.422
 30 2 0.346953 0.25 5 37.4015 37.425
 30 3 0.346953 0.75 0 9.448 16.333
 30 3 0.346953 0.75 1 13.356 18.201
 30 3 0.346953 0.75 2 17.8635 20.4865
 30 3 0.346953 0.75 3 22.775 22.7985
 30 3 0.346953 0.75 4 22.784 32.416
 30 3 0.346953 0.75 5 27.784 37.528
 31 0 0.358984 -0.75 0 -1.514 6.914
 31 0 0.358984 -0.75 1 6.583 12.517
 31 0 0.358984 -0.75 2 15.2615 19.044
 31 0 0.358984 -0.75 3 22.78 27.88
 31 0 0.358984 -0.75 4 32.36 42.56
 31 0 0.358984 -0.75 5 42.496 51.904
 31 1 0.358984 -0.25 0 6.03 8.61
 31 1 0.358984 -0.25 1 11.324 13.818
 31 1 0.358984 -0.25 2 17.432 19.346
 31 1 0.358984 -0.25 3 22.78 27.88
 31 1 0.358984 -0.25 4 32.375 32.3985
 31 1 0.358984 -0.25 5 37.42 42.52
 31 2 0.358984 0.25 0 7.8635 10.517
 31 2 0.358984 0.25 1 12.639 14.988
 31 2 0.358984 0.25 2 18.014 19.777
 31 2 0.358984 0.25 3 22.78 27.88
 31 2 0.358984 0.25 4 27.778 32.422
 31 2 0.358984 0.25 5 37.42 42.52
 31 3 0.358984 0.75 0 9.744 17.649
 31 3 0.358984 0.75 1 13.78 18.88
 31 3 0.358984 0.75 2 18.589 20.938
 31 3 0.358984 0.75 3 22.78 27.88
 31 3 0.358984 0.75 4 22.784 32.416
 31 3 0.358984 0.75 5 27.784 37.528
 32 0 0.371016 -0.75 0 -1.672 7.168
 32 0 0.371016 -0.75 1 7.176 12.956
 32 0 0.371016 -0.75 2 16.287 19.772
 32 0 0.371016 -0.75 3 27.8015 27.825
 32 0 0.371016 -0.75 4 32.36 42.56
 32 0 0.371016 -0.75 5 42.496 51.904
 32 1 0.371016 -0.25 0 6.2775 9.0725
 32 1 0.371016 -0.25 1 11.92 14.2575
 32 1 0.371016 -0.25 2 18.154 20.068
 32 1 0.371016 -0.25 3 22.78 27.88
 32 1 0.371016 -0.25 4 32.38 37.48
 32 1 0.371016 -0.25 5 42.478 42.5015
 32 2 0.371016 0.25 0 7.9985 11.0515
 32 2 0.371016 0.25 1 13.0785 15.2715
 32 2 0.371016 0.25 2 18.582 20.496
 32 2 0.371016 0.25 3 22.78 27.88
 32 2 0.371016 0.25 4 32.375 32.3985
 32 2 0.371016 0.25 5 37.42 42.52
 32 3 0.371016 0.75 0 10.044 17.949
 32 3 0.371016 0.75 1 14.227 19.473
 32 3 0.371016 0.75 2 19.16 21.71
 32 3 0.371016 0.75 3 22.78 27.88
 32 3 0.371016 0.75 4 27.778 32.422
 32 3 0.371016 0.75 5 27.784 37.528
 33 0 0.383047 -0.75 0 -0.542 7.542
 33 0 0.383047 -0.75 1 7.862 13.538
 33 0 0.383047 -0.75 2 17.295 20.27
 33 0 0.383047 -0.75 3 27.8015 27.825
 33 0 0.383047 -0.75 4 37.42 42.52
 33 0 0.383047 -0.75 5 42.496 51.904
 33 1 0.383047 -0.25 0 6.438 9.362
 33 1 0.383047 -0.25 1 12.203 14.697
 33 1 0.383047 -0.25 2 18.732 20.646
 33 1 0.383047 -0.25 3 27.8015 27.825
 33 1 0.383047 -0.25 4 32.38 37.48
 33 1 0.383047 -0.25 5 42.48 47.58
 33 2 0.383047 0.25 0 8.2985 11.316
 33 2 0.383047 0.25 1 13.508 15.718
 33 2 0.383047 0.25 2 19.32 21.06
 33 2 0.383047 0.25 3 27.8015 27.825
 33 2 0.383047 0.25 4 32.38 37.48
 33 2 0.383047 0.25 5 37.42 42.52
 33 3 0.383047 0.75 0 10.32 17.88
 33 3 0.383047 0.75 1 14.813 19.828
 33 3 0.383047 0.75 2 19.7565 22.2935
 33 3 0.383047 0.75 3 22.78 27.88
 33 3 0.383047 0.75 4 27.778 32.422
 33 3 0.383047 0.75 5 32.36 42.56
 34 0 0.395078 -0.75 0 0.085 7.82
 34 0 0.395078 -0.75 1 8.06 14.01
 34 0 0.395078 -0.75 2 18.002 21.062
 34 0 0.395078 -0.75 3 27.778 32.422
 34 0 0.395078 -0.75 4 37.42 42.52
 34 0 0.395078 -0.75 5 47.496 56.904
 34 1 0.395078 -0.25 0 6.726 9.624
 34 1 0.395078 -0.25 1 12.648 15.283
 34 1 0.395078 -0.25 2 19.4505 21.278
 34 1 0.395078 -0.25 3 27.8015 27.825
 34 1 0.395078 -0.25 4 37.4015 37.425
 34 1 0.395078 -0.25 5 42.48 47.58
 34 2 0.395078 0.25 0 8.6 11.75
 34 2 0.395078 0.25 1 13.932 16.142
 34 2 0.395078 0.25 2 19.8984 21.5814
 34 2 0.395078 0.25 3 27.8015 27.825
 34 2 0.395078 0.25 4 32.38 37.48
 34 2 0.395078 0.25 5 42.48 47.58
 34 3 0.395078 0.75 0 10.704 18.184
 34 3 0.395078 0.75 1 15.248 20.688
 34 3 0.395078 0.75 2 20.456 22.744
 34 3 0.395078 0.75 3 27.8015 27.825
 34 3 0.395078 0.75 4 27.784 37.528
 34 3 0.395078 0.75 5 32.36 42.56
 35 0 0.407109 -0.75 0 0.809 8.204
 35 0 0.407109 -0.75 1 8.836 14.531
 35 0 0.407109 -0.75 2 18.5775 21.3725
 35 0 0.407109 -0.75 3 27.778 32.422
 35 0 0.407109 -0.75 4 37.308 47.574
 35 0 0.407109 -0.75 5 47.496 56.904
 35 1 0.407109 -0.25 0 7.002 10.062
 35 1 0.407109 -0.25 1 13.062 15.411
 35 1 0.407109 -0.25 2 20.0435 21.8065
 35 1 0.407109 -0.25 3 27.8015 27.825
 35 1 0.407109 -0.25 4 37.4015 37.425
 35 1 0.407109 -0.25 5 42.48 47.58
 35 2 0.407109 0.25 0 8.896 12.041
 35 2 0.407109 0.25 1 14.3785 16.5715
 35 2 0.407109 0.25 2 20.6184 22.3014
 35 2 0.407109 0.25 3 27.8015 27.825
 35 2 0.407109 0.25 4 32.38 37.48
 35 2 0.407109 0.25 5 42.48 47.58
 35 3 0.407109 0.75 0 11.116 18.596
 35 3 0.407109 0.75 1 15.534 20.866
 35 3 0.407109 0.75 2 21.196 23.604
 35 3 0.407109 0.75 3 27.8015 27.825
 35 3 0.407109 0.75 4 27.784 37.528
 35 3 0.407109 0.75 5 32.36 42.56
 36 0 0.419141 -0.75 0 -0.4 8.4
 36 0 0.419141 -0.75 1 8.618 14.982
 36 0 0.419141 -0.75 2 19.03 22.005
 36 0 0.419141 -0.75 3 27.778 32.422
 36 0 0.419141 -0.75 4 37.308 47.574
 36 0 0.419141 -0.75 5 47.404 62.196
 36 1 0.419141 -0.25 0 7.152 10.212
 36 1 0.419141 -0.25 1 13.4925 15.8575
 36 1 0.419141 -0.25 2 20.7572 22.4428
 36 1 0.419141 -0.25 3 27.778 32.422
 36 1 0.419141 -0.25 4 37.42 42.52
 36 1 0.419141 -0.25 5 47.516 51.884
 36 2 0.419141 0.25 0 9.184 12.2015
 36 2 0.419141 0.25 1 14.803 17.0215
 36 2 0.419141 0.25 2 21.1984 22.8814
 36 2 0.419141 0.25 3 27.778 32.422
 36 2 0.419141 0.25 4 37.4015 37.425
 36 2 0.419141 0.25 5 42.48 47.58
 36 3 0.419141 0.75 0 11.246 17.876
 36 3 0.419141 0.75 1 15.913 20.987
 36 3 0.419141 0.75 2 21.41 24.1725
 36 3 0.419141 0.75 3 27.8015 27.825
 36 3 0.419141 0.75 4 32.38 37.48
 36 3 0.419141 0.75 5 37.308 47.574
 37 0 0.431172 -0.75 0 0.665 8.835
 37 0 0.431172 -0.75 1 9.636 15.264
 37 0 0.431172 -0.75 2 20.0205 22.7295
 37 0 0.431172 -0.75 3 27.778 32.422
 37 0 0.431172 -0.75 4 42.48 47.58
 37 0 0.431172 -0.75 5 47.496 56.904
 37 1 0.431172 -0.25 0 7.438 10.498
 37 1 0.431172 -0.25 1 14.0785 16.297
 37 1 0.431172 -0.25 2 21.254 23.168
 37 1 0.431172 -0.25 3 27.778 32.422
 37 1 0.431172 -0.25 4 37.42 42.52
 37 1 0.431172 -0.25 5 47.516 51.884
 37 2 0.431172 0.25 0 9.459 12.641
 37 2 0.431172 0.25 1 15.2425 17.58
 37 2 0.431172 0.25 2 21.541 23.609
 37 2 0.431172 0.25 3 27.778 32.422
 37 2 0.431172 0.25 4 37.42 42.52
 37 2 0.431172 0.25 5 42.48 47.58
 37 3 0.431172 0.75 0 11.652 19.548
 37 3 0.431172 0.75 1 16.376 22.224
 37 3 0.431172 0.75 2 22.138 25.198
 37 3 0.431172 0.75 3 27.778 32.422
 37 3 0.431172 0.75 4 32.38 37.48
 37 3 0.431172 0.75 5 37.308 47.574
 38 0 0.443203 -0.75 0 2.26 9.06
 38 0 0.443203 -0.75 1 10.42 15.58
 38 0 0.443203 -0.75 2 20.739 23.448
 38 0 0.443203 -0.75 3 32.375 32.3985
 38 0 0.443203 -0.75 4 42.48 47.58
 38 0 0.443203 -0.75 5 51.84 62.16
 38 1 0.443203 -0.25 0 7.859 11.041
 38 1 0.443203 -0.25 1 14.52 16.8575
 38 1 0.443203 -0.25 2 21.704 23.897
 38 1 0.443203 -0.25 3 32.375 32.3985
 38 1 0.443203 -0.25 4 37.42 42.52
 38 1 0.443203 -0.25 5 47.516 51.884
 38 2 0.443203 0.25 0 9.609 12.754
 38 2 0.443203 0.25 1 15.398 18.033
 38 2 0.443203 0.25 2 22.268 24.332
 38 2 0.443203 0.25 3 27.778 32.422
 38 2 0.443203 0.25 4 37.42 42.52
 38 2 0.443203 0.25 5 47.516 51.884
 38 3 0.443203 0.75 0 11.981 19.119
 38 3 0.443203 0.75 1 16.82 21.98
 38 3 0.443203 0.75 2 22.8415 25.8085
 38 3 0.443203 0.75 3 27.778 32.422
 38 3 0.443203 0.75 4 32.36 42.56
 38 3 0.443203 0.75 5 37.308 47.574
 39 0 0.455234 -0.75 0 1.358 9.348
 39 0 0.455234 -0.75 1 10.52 16.045
 39 0 0.455234 -0.75 2 21.126 24.024
 39 0 0.455234 -0.75 3 32.38 37.48
 39 0 0.455234 -0.75 4 42.496 51.904
 39 0 0.455234 -0.75 5 51.84 62.16
 39 1 0.455234 -0.25 0 8.024 11.4665
 39 1 0.455234 -0.25 1 14.9495 17.4005
 39 1 0.455234 -0.25 2 22.262 24.611
 39 1 0.455234 -0.25 3 32.375 32.3985
 39 1 0.455234 -0.25 4 42.478 42.5015
 39 1 0.455234 -0.25 5 47.496 56.904
 39 2 0.455234 0.25 0 10.046 13.191
 39 2 0.455234 0.25 1 15.9205 18.598
 39 2 0.455234 0.25 2 22.934 24.889
 39 2 0.455234 0.25 3 32.375 32.3985
 39 2 0.455234 0.25 4 37.42 42.52
 39 2 0.455234 0.25 5 47.516 51.884
 39 3 0.455234 0.75 0 12.086 20.416
 39 3 0.455234 0.75 1 17.268 23.303
 39 3 0.455234 0.75 2 23.416 26.684
 39 3 0.455234 0.75 3 27.778 32.422
 39 3 0.455234 0.75 4 32.36 42.56
 39 3 0.455234 0.75 5 37.376 51.996
 40 0 0.467266 -0.75 0 2.395 9.705
 40 0 0.467266 -0.75 1 11.148 16.588
 40 0 0.467266 -0.75 2 21.6985 24.7515
 40 0 0.467266 -0.75 3 32.38 37.48
 40 0 0.467266 -0.75 4 42.496 51.904
 40 0 0.467266 -0.75 5 51.84 62.16
 40 1 0.467266 -0.25 0 8.462 11.777
 40 1 0.467266 -0.25 1 15.2635 17.8865
 40 1 0.467266 -0.25 2 23.0715 25.1785
 40 1 0.467266 -0.25 3 32.375 32.3985
 40 1 0.467266 -0.25 4 42.48 47.58
 40 1 0.467266 -0.25 5 51.82 56.92
 40 2 0.467266 0.25 0 10.726 13.624
 40 2 0.467266 0.25 1 16.4135 19.0365
 40 2 0.467266 0.25 2 23.568 25.632
 40 2 0.467266 0.25 3 32.375 32.3985
 40 2 0.467266 0.25 4 42.478 42.5015
 40 2 0.467266 0.25 5 47.516 51.884
 40 3 0.467266 0.75 0 12.588 19.812
 40 3 0.467266 0.75 1 17.704 22.996
 40 3 0.467266 0.75 2 24.1415 27.1085
 40 3 0.467266 0.75 3 32.375 32.3985
 40 3 0.467266 0.75 4 37.42 42.52
 40 3 0.467266 0.75 5 42.496 51.904
 41 0 0.479297 -0.75 0 2.402 9.798
 41 0 0.479297 -0.75 1 10.99 17.01
 41 0 0.479297 -0.75 2 21.844 25.499
 41 0 0.479297 -0.75 3 32.38 37.48
 41 0 0.479297 -0.75 4 42.496 51.904
 41 0 0.479297 -0.75 5 56.84 67.16
 41 1 0.479297 -0.25 0 8.594 12.206
 41 1 0.479297 -0.25 1 15.5275 18.3225
 41 1 0.479297 -0.25 2 23.63 26.24
 41 1 0.479297 -0.25 3 32.38 37.48
 41 1 0.479297 -0.25 4 42.48 47.58
 41 1 0.479297 -0.25 5 51.82 56.92
 41 2 0.479297 0.25 0 10.852 13.912
 41 2 0.479297 0.25 1 16.848 19.483
 41 2 0.479297 0.25 2 24.2495 26.672
 41 2 0.479297 0.25 3 32.38 37.48
 41 2 0.479297 0.25 4 42.496 51.904
 41 2 0.479297 0.25 5 51.82 56.92
 41 3 0.479297 0.75 0 12.716 20.284
 41 3 0.479297 0.75 1 18.136 23.831
 41 3 0.479297 0.75 2 24.73 27.705
 41 3 0.479297 0.75 3 32.375 32.3985
 41 3 0.479297 0.75 4 37.42 42.52
 41 3 0.479297 0.75 5 42.496 51.904
 42 0 0.491328 -0.75 0 1.528 10.368
 42 0 0.491328 -0.75 1 11.476 17.596
 42 0 0.491328 -0.75 2 22.529 26.524
 42 0 0.491328 -0.75 3 32.38 37.48
 42 0 0.491328 -0.75 4 47.516 51.884
 42 0 0.491328 -0.75 5 56.84 67.16
 42 1 0.491328 -0.25 0 8.89 12.5025
 42 1 0.491328 -0.25 1 15.9775 18.74
 42 1 0.491328 -0.25 2 24.302 26.9795
 42 1 0.491328 -0.25 3 32.38 37.48
 42 1 0.491328 -0.25 4 42.48 47.58
 42 1 0.491328 -0.25 5 51.82 56.92
 42 2 0.491328 0.25 0 11.152 14.212
 42 2 0.491328 0.25 1 17.28 20.255
 42 2 0.491328 0.25 2 24.865 27.2575
 42 2 0.491328 0.25 3 32.38 37.48
 42 2 0.491328 0.25 4 42.48 47.58
 42 2 0.491328 0.25 5 51.82 56.92
 42 3 0.491328 0.75 0 13.102 20.412
 42 3 0.491328 0.75 1 18.534 23.866
 42 3 0.491328 0.75 2 25.4555 28.558
 42 3 0.491328 0.75 3 32.38 37.48
 42 3 0.491328 0.75 4 37.308 47.574
 42 3 0.491328 0.75 5 42.496 51.904
 43 0 0.503359 -0.75 0 2.365 10.535
 43 0 0.503359 -0.75 1 12.176 18.024
 43 0 0.503359 -0.75 2 23 27.25
 43 0 0.503359 -0.75 3 37.4015 37.425
 43 0 0.503359 -0.75 4 47.516 51.884
 43 0 0.503359 -0.75 5 56.79 71.24
 43 1 0.503359 -0.25 0 9.174 12.6165
 43 1 0.503359 -0.25 1 16.3915 19.324
 43 1 0.503359 -0.25 2 25.017 27.683
 43 1 0.503359 -0.25 3 32.38 37.48
 43 1 0.503359 -0.25 4 47.525 47.5485
 43 1 0.503359 -0.25 5 56.888 62.073
 43 2 0.503359 0.25 0 11.588 14.512
 43 2 0.503359 0.25 1 17.8345 20.682
 43 2 0.503359 0.25 2 25.928 27.992
 43 2 0.503359 0.25 3 32.38 37.48
 43 2 0.503359 0.25 4 42.48 47.58
 43 2 0.503359 0.25 5 51.82 56.92
 43 3 0.503359 0.75 0 13.537 21.272
 43 3 0.503359 0.75 1 18.969 24.731
 43 3 0.503359 0.75 2 26.376 29.274
 43 3 0.503359 0.75 3 32.38 37.48
 43 3 0.503359 0.75 4 37.308 47.574
 43 3 0.503359 0.75 5 42.39 57.01
 44 0 0.515391 -0.75 0 2.7 11.4
 44 0 0.515391 -0.75 1 12.59 18.61
 44 0 0.515391 -0.75 2 23.979 27.974
 44 0 0.515391 -0.75 3 37.42 42.52
 44 0 0.515391 -0.75 4 47.496 56.904
 44 0 0.515391 -0.75 5 56.79 71.24
 44 1 0.515391 -0.25 0 9.444 13.056
 44 1 0.515391 -0.25 1 16.8195 20.1305
 44 1 0.515391 -0.25 2 25.932 28.426
 44 1 0.515391 -0.25 3 37.4015 37.425
 44 1 0.515391 -0.25 4 47.516 51.884
 44 1 0.515391 -0.25 5 56.888 62.073
 44 2 0.515391 0.25 0 11.738 14.662
 44 2 0.515391 0.25 1 18.295 21.27
 44 2 0.515391 0.25 2 26.503 28.696
 44 2 0.515391 0.25 3 37.4015 37.425
 44 2 0.515391 0.25 4 47.525 47.5485
 44 2 0.515391 0.25 5 56.888 62.073
 44 3 0.515391 0.75 0 13.651 21.556
 44 3 0.515391 0.75 1 19.804 25.159
 44 3 0.515391 0.75 2 27.0775 29.8725
 44 3 0.515391 0.75 3 32.38 37.48
 44 3 0.515391 0.75 4 42.48 47.58
 44 3 0.515391 0.75 5 47.496 56.904
 45 0 0.527422 -0.75 0 2.8 11.5
 45 0 0.527422 -0.75 1 13.068 19.032
 45 0 0.527422 -0.75 2 24.858 28.642
 45 0 0.527422 -0.75 3 37.42 42.52
 45 0 0.527422 -0.75 4 47.496 56.904
 45 0 0.527422 -0.75 5 61.956 71.244
 45 1 0.527422 -0.25 0 9.744 13.356
 45 1 0.527422 -0.25 1 17.4195 20.692
 45 1 0.527422 -0.25 2 26.7925 29.13
 45 1 0.527422 -0.25 3 37.4015 37.425
 45 1 0.527422 -0.25 4 47.516 51.884
 45 1 0.527422 -0.25 5 56.888 62.073
 45 2 0.527422 0.25 0 11.995 15.005
 45 2 0.527422 0.25 1 18.7055 21.8445
 45 2 0.527422 0.25 2 27.089 29.438
 45 2 0.527422 0.25 3 37.4015 37.425
 45 2 0.527422 0.25 4 47.516 51.884
 45 2 0.527422 0.25 5 56.888 62.073
 45 3 0.527422 0.75 0 14.052 22.042
 45 3 0.527422 0.75 1 20.342 25.301
 45 3 0.527422 0.75 2 27.724 30.218
 45 3 0.527422 0.75 3 37.4015 37.425
 45 3 0.527422 0.75 4 42.48 47.58
 45 3 0.527422 0.75 5 47.496 56.904
 46 0 0.539453 -0.75 0 4.58 11.805
 46 0 0.539453 -0.75 1 14.362 19.972
 46 0 0.539453 -0.75 2 25.932 29.418
 46 0 0.539453 -0.75 3 37.42 42.52
 46 0 0.539453 -0.75 4 51.82 56.92
 46 0 0.539453 -0.75 5 61.956 71.244
 46 1 0.539453 -0.25 0 10.052 13.792
 46 1 0.539453 -0.25 1 17.858 21.1305
 46 1 0.539453 -0.25 2 27.389 29.711
 46 1 0.539453 -0.25 3 37.42 42.52
 46 1 0.539453 -0.25 4 47.516 51.884
 46 1 0.539453 -0.25 5 62.013 67.087
 46 2 0.539453 0.25 0 12.288 15.212
 46 2 0.539453 0.25 1 19.158 22.4305
 46 2 0.539453 0.25 2 27.9645 30.009
 46 2 0.539453 0.25 3 37.4015 37.425
 46 2 0.539453 0.25 4 47.516 51.884
 46 2 0.539453 0.25 5 56.888 62.073
 46 3 0.539453 0.75 0 14.468 22.628
 46 3 0.539453 0.75 1 20.762 26.438
 46 3 0.539453 0.75 2 28.448 31.114
 46 3 0.539453 0.75 3 37.4015 37.425
 46 3 0.539453 0.75 4 42.496 51.904
 46 3 0.539453 0.75 5 47.404 62.196
 47 0 0.551484 -0.75 0 3.7 12.2
 47 0 0.551484 -0.75 1 14.218 20.582
 47 0 0.551484 -0.75 2 26.351 30.006
 47 0 0.551484 -0.75 3 37.42 42.52
 47 0 0.551484 -0.75 4 51.82 56.92
 47 0 0.551484 -0.75 5 61.976 76.256
 47 1 0.551484 -0.25 0 10.728 14.213
 47 1 0.551484 -0.25 1 18.409 21.554
 47 1 0.551484 -0.25 2 28.091 30.159
 47 1 0.551484 -0.25 3 37.42 42.52
 47 1 0.551484 -0.25 4 51.8515 51.875
 47 1 0.551484 -0.25 5 62.013 67.087
 47 2 0.551484 0.25 0 12.5915 15.5585
 47 2 0.551484 0.25 1 19.9275 22.7225
 47 2 0.551484 0.25 2 28.538 30.516
 47 2 0.551484 0.25 3 37.42 42.52
 47 2 0.551484 0.25 4 47.516 51.884
 47 2 0.551484 0.25 5 56.888 62.073
 47 3 0.551484 0.75 0 14.604 21.996
 47 3 0.551484 0.75 1 21.227 26.473
 47 3 0.551484 0.75 2 29.072 31.962
 47 3 0.551484 0.75 3 37.42 42.52
 47 3 0.551484 0.75 4 42.496 51.904
 47 3 0.551484 0.75 5 51.84 62.16
 48 0 0.563516 -0.75 0 4.565 12.64
 48 0 0.563516 -0.75 1 15.236 20.931
 48 0 0.563516 -0.75 2 27.526 30.4585
 48 0 0.563516 -0.75 3 42.478 42.5015
 48 0 0.563516 -0.75 4 51.82 56.92
 48 0 0.563516 -0.75 5 67.064 76.244
 48 1 0.563516 -0.25 0 11.1265 14.5235
 48 1 0.563516 -0.25 1 18.866 22.134
 48 1 0.563516 -0.25 2 28.8215 30.953
 48 1 0.563516 -0.25 3 37.42 42.52
 48 1 0.563516 -0.25 4 51.82 56.92
 48 1 0.563516 -0.25 5 62.013 67.087
 48 2 0.563516 0.25 0 13.03 16.005
 48 2 0.563516 0.25 1 20.531 23.369
 48 2 0.563516 0.25 2 29.261 31.239
 48 2 0.563516 0.25 3 37.42 42.52
 48 2 0.563516 0.25 4 51.8515 51.875
 48 2 0.563516 0.25 5 62.013 67.087
 48 3 0.563516 0.75 0 14.788 22.012
 48 3 0.563516 0.75 1 21.813 26.887
 48 3 0.563516 0.75 2 29.8205 32.5295
 48 3 0.563516 0.75 3 37.42 42.52
 48 3 0.563516 0.75 4 47.516 51.884
 48 3 0.563516 0.75 5 51.84 62.16
 49 0 0.575547 -0.75 0 6.146 12.854
 49 0 0.575547 -0.75 1 15.218 21.582
 49 0 0.575547 -0.75 2 27.7835 31.2665
 49 0 0.575547 -0.75 3 42.478 42.5015
 49 0 0.575547 -0.75 4 51.84 62.16
 49 0 0.575547 -0.75 5 67.064 76.244
 49 1 0.575547 -0.25 0 11.3695 14.642
 49 1 0.575547 -0.25 1 19.28 22.72
 49 1 0.575547 -0.25 2 29.4785 31.6715
 49 1 0.575547 -0.25 3 42.478 42.5015
 49 1 0.575547 -0.25 4 51.82 56.92
 49 1 0.575547 -0.25 5 67.043 71.208
 49 2 0.575547 0.25 0 13.202 16.298
 49 2 0.575547 0.25 1 20.938 23.862
 49 2 0.575547 0.25 2 29.903 32.096
 49 2 0.575547 0.25 3 42.478 42.5015
 49 2 0.575547 0.25 4 51.82 56.92
 49 2 0.575547 0.25 5 62.013 67.087
 49 3 0.575547 0.75 0 14.9 23.5
 49 3 0.575547 0.75 1 22.404 27.759
 49 3 0.575547 0.75 2 30.0625 33.2875
 49 3 0.575547 0.75 3 37.42 42.52
 49 3 0.575547 0.75 4 47.516 51.884
 49 3 0.575547 0.75 5 51.84 67.14
 50 0 0.587578 -0.75 0 4.432 13.272
 50 0 0.587578 -0.75 1 15.346 22.054
 50 0 0.587578 -0.75 2 28.834 31.816
 50 0 0.587578 -0.75 3 42.48 47.58
 50 0 0.587578 -0.75 4 56.888 62.073
 50 0 0.587578 -0.75 5 66.99 81.61
 50 1 0.587578 -0.25 0 11.566 14.834
 50 1 0.587578 -0.25 1 20.238 23.162
 50 1 0.587578 -0.25 2 29.8995 32.322
 50 1 0.587578 -0.25 3 42.478 42.5015
 50 1 0.587578 -0.25 4 51.82 56.92
 50 1 0.587578 -0.25 5 67.043 71.208
 50 2 0.587578 0.25 0 13.595 16.57
 50 2 0.587578 0.25 1 21.398 24.033
 50 2 0.587578 0.25 2 30.353 32.818
 50 2 0.587578 0.25 3 42.478 42.5015
 50 2 0.587578 0.25 4 51.82 56.92
 50 2 0.587578 0.25 5 62.013 67.087
 50 3 0.587578 0.75 0 15.084 23.316
 50 3 0.587578 0.75 1 22.827 28.073
 50 3 0.587578 0.75 2 30.938 33.998
 50 3 0.587578 0.75 3 42.478 42.5015
 50 3 0.587578 0.75 4 47.496 56.904
 50 3 0.587578 0.75 5 56.84 67.16
 51 0 0.599609 -0.75 0 5.016 13.686
 51 0 0.599609 -0.75 1 15.953 22.747
 51 0 0.599609 -0.75 2 29.114 32.9815
 51 0 0.599609 -0.75 3 42.48 47.58
 51 0 0.599609 -0.75 4 56.888 62.073
 51 0 0.599609 -0.75 5 71.176 81.546
 51 1 0.599609 -0.25 0 12.168 14.982
 51 1 0.599609 -0.25 1 20.652 23.748
 51 1 0.599609 -0.25 2 30.498 33.133
 51 1 0.599609 -0.25 3 42.48 47.58
 51 1 0.599609 -0.25 4 56.875 56.8985
 51 1 0.599609 -0.25 5 67.043 71.208
 51 2 0.599609 0.25 0 14.031 16.869
 51 2 0.599609 0.25 1 21.9635 24.556
 51 2 0.599609 0.25 2 31.062 33.411
 51 2 0.599609 0.25 3 42.478 42.5015
 51 2 0.599609 0.25 4 51.84 62.16
 51 2 0.599609 0.25 5 67.043 71.208
 51 3 0.599609 0.75 0 15.458 23.448
 51 3 0.599609 0.75 1 23.241 28.659
 51 3 0.599609 0.75 2 31.637 35.122
 51 3 0.599609 0.75 3 42.478 42.5015
 51 3 0.599609 0.75 4 47.496 56.904
 51 3 0.599609 0.75 5 56.84 67.16
 52 0 0.611641 -0.75 0 5.128 14.072
 52 0 0.611641 -0.75 1 15.972 23.112
 52 0 0.611641 -0.75 2 29.622 33.5745
 52 0 0.611641 -0.75 3 42.48 47.58
 52 0 0.611641 -0.75 4 56.84 67.16
 52 0 0.611641 -0.75 5 71.176 81.546
 52 1 0.611641 -0.25 0 12.295 15.27
 52 1 0.611641 -0.25 1 21.2275 24.0225
 52 1 0.611641 -0.25 2 31.203 33.697
 52 1 0.611641 -0.25 3 42.48 47.58
 52 1 0.611641 -0.25 4 56.888 62.073
 52 1 0.611641 -0.25 5 67.064 76.244
 52 2 0.611641 0.25 0 14.284 17.3015
 52 2 0.611641 0.25 1 22.406 25.126
 52 2 0.611641 0.25 2 31.633 34.2865
 52 2 0.611641 0.25 3 42.48 47.58
 52 2 0.611641 0.25 4 56.875 56.8985
 52 2 0.611641 0.25 5 67.043 71.208
 52 3 0.611641 0.75 0 15.692 24.107
 52 3 0.611641 0.75 1 23.69 29.64
 52 3 0.611641 0.75 2 32.222 36.132
 52 3 0.611641 0.75 3 42.48 47.58
 52 3 0.611641 0.75 4 51.82 56.92
 52 3 0.611641 0.75 5 56.79 71.24
 53 0 0.623672 -0.75 0 6.079 14.421
 53 0 0.623672 -0.75 1 17.411 23.689
 53 0 0.623672 -0.75 2 30.4045 34.1455
 53 0 0.623672 -0.75 3 47.525 47.5485
 53 0 0.623672 -0.75 4 56.84 67.16
 53 0 0.623672 -0.75 5 71.176 81.546
 53 1 0.623672 -0.25 0 12.596 15.704
 53 1 0.623672 -0.25 1 21.674 24.426
 53 1 0.623672 -0.25 2 31.938 34.998
 53 1 0.623672 -0.25 3 42.48 47.58
 53 1 0.623672 -0.25 4 56.888 62.073
 53 1 0.623672 -0.25 5 71.18 76.28
 53 2 0.623672 0.25 0 14.5125 17.7375
 53 2 0.623672 0.25 1 23.132 25.568
 53 2 0.623672 0.25 2 32.524 35.276
 53 2 0.623672 0.25 3 42.48 47.58
 53 2 0.623672 0.25 4 56.888 62.073
 53 2 0.623672 0.25 5 67.043 71.208
 53 3 0.623672 0.75 0 16.092 24.507
 53 3 0.623672 0.75 1 23.904 30.096
 53 3 0.623672 0.75 2 32.937 36.422
 53 3 0.623672 0.75 3 42.48 47.58
 53 3 0.623672 0.75 4 51.82 56.92
 53 3 0.623672 0.75 5 61.956 71.244
 54 0 0.635703 -0.75 0 6.665 14.835
 54 0 0.635703 -0.75 1 16.795 24.02
 54 0 0.635703 -0.75 2 30.64 35.26
 54 0 0.635703 -0.75 3 47.525 47.5485
 54 0 0.635703 -0.75 4 62.013 67.087
 54 0 0.635703 -0.75 5 76.176 86.546
 54 1 0.635703 -0.25 0 12.8695 16.142
 54 1 0.635703 -0.25 1 22.092 24.844
 54 1 0.635703 -0.25 2 32.516 35.834
 54 1 0.635703 -0.25 3 47.525 47.5485
 54 1 0.635703 -0.25 4 56.888 62.073
 54 1 0.635703 -0.25 5 71.18 76.28
 54 2 0.635703 0.25 0 14.666 18.0235
 54 2 0.635703 0.25 1 23.424 26.144
 54 2 0.635703 0.25 2 33.088 35.978
 54 2 0.635703 0.25 3 47.525 47.5485
 54 2 0.635703 0.25 4 56.888 62.073
 54 2 0.635703 0.25 5 71.18 76.28
 54 3 0.635703 0.75 0 16.365 24.535
 54 3 0.635703 0.75 1 24.234 29.504
 54 3 0.635703 0.75 2 33.678 37.163
 54 3 0.635703 0.75 3 42.48 47.58
 54 3 0.635703 0.75 4 51.84 62.16
 54 3 0.635703 0.75 5 61.956 71.244
 55 0 0.647734 -0.75 0 6.852 14.842
 55 0 0.647734 -0.75 1 17.992 24.208
 55 0 0.647734 -0.75 2 31.694 36.006
 55 0 0.647734 -0.75 3 47.516 51.884
 55 0 0.647734 -0.75 4 61.956 71.244
 55 0 0.647734 -0.75 5 76.176 86.546
 55 1 0.647734 -0.25 0 13.3055 16.4445
 55 1 0.647734 -0.25 1 22.674 25.426
 55 1 0.647734 -0.25 2 33.25 36.4375
 55 1 0.647734 -0.25 3 47.525 47.5485
 55 1 0.647734 -0.25 4 62.013 67.087
 55 1 0.647734 -0.25 5 71.176 81.546
 55 2 0.647734 0.25 0 14.816 18.1735
 55 2 0.647734 0.25 1 23.81 26.5725
 55 2 0.647734 0.25 2 33.9415 36.9085
 55 2 0.647734 0.25 3 47.525 47.5485
 55 2 0.647734 0.25 4 56.888 62.073
 55 2 0.647734 0.25 5 71.18 76.28
 55 3 0.647734 0.75 0 16.651 24.649
 55 3 0.647734 0.75 1 24.783 30.648
 55 3 0.647734 0.75 2 34.816 38.1735
 55 3 0.647734 0.75 3 42.48 47.58
 55 3 0.647734 0.75 4 56.888 62.073
 55 3 0.647734 0.75 5 61.956 71.244
 56 0 0.659766 -0.75 0 6.958 14.948
 56 0 0.659766 -0.75 1 18.224 24.854
 56 0 0.659766 -0.75 2 32.508 36.843
 56 0 0.659766 -0.75 3 47.516 51.884
 56 0 0.659766 -0.75 4 61.956 71.244
 56 0 0.659766 -0.75 5 76.176 86.546
 56 1 0.659766 -0.25 0 13.608 16.8805
 56 1 0.659766 -0.25 1 23.131 25.969
 56 1 0.659766 -0.25 2 34.5205 37.2295
 56 1 0.659766 -0.25 3 47.516 51.884
 56 1 0.659766 -0.25 4 62.013 67.087
 56 1 0.659766 -0.25 5 76.166 81.473
 56 2 0.659766 0.25 0 14.9475 18.6025
 56 2 0.659766 0.25 1 23.954 27.184
 56 2 0.659766 0.25 2 34.933 37.5865
 56 2 0.659766 0.25 3 47.516 51.884
 56 2 0.659766 0.25 4 62.0515 62.075
 56 2 0.659766 0.25 5 71.18 76.28
 56 3 0.659766 0.75 0 17.12 24.77
 56 3 0.659766 0.75 1 25.36 31.24
 56 3 0.659766 0.75 2 35.509 38.691
 56 3 0.659766 0.75 3 47.525 47.5485
 56 3 0.659766 0.75 4 56.888 62.073
 56 3 0.659766 0.75 5 67.064 76.244
 57 0 0.671797 -0.75 0 6.142 15.152
 57 0 0.671797 -0.75 1 18.381 25.436
 57 0 0.671797 -0.75 2 32.948 37.764
 57 0 0.671797 -0.75 3 47.516 51.884
 57 0 0.671797 -0.75 4 67.043 71.208
 57 0 0.671797 -0.75 5 81.448 90.458
 57 1 0.671797 -0.25 0 13.908 17.142
 57 1 0.671797 -0.25 1 23.688 26.578
 57 1 0.671797 -0.25 2 35.238 38.162
 57 1 0.671797 -0.25 3 47.516 51.884
 57 1 0.671797 -0.25 4 62.013 67.087
 57 1 0.671797 -0.25 5 76.166 81.473
 57 2 0.671797 0.25 0 15.379 19.421
 57 2 0.671797 0.25 1 24.538 27.598
 57 2 0.671797 0.25 2 35.752 38.461
 57 2 0.671797 0.25 3 47.516 51.884
 57 2 0.671797 0.25 4 62.013 67.087
 57 2 0.671797 0.25 5 76.166 81.473
 57 3 0.671797 0.75 0 17.365 25.535
 57 3 0.671797 0.75 1 25.825 32.275
 57 3 0.671797 0.75 2 36.259 39.404
 57 3 0.671797 0.75 3 47.516 51.884
 57 3 0.671797 0.75 4 56.888 62.073
 57 3 0.671797 0.75 5 67.064 76.244
 58 0 0.683828 -0.75 0 7.086 15.612
 58 0 0.683828 -0.75 1 18.588 25.898
 58 0 0.683828 -0.75 2 33.506 38.436
 58 0 0.683828 -0.75 3 47.516 51.884
 58 0 0.683828 -0.75 4 67.043 71.208
 58 0 0.683828 -0.75 5 81.448 90.458
 58 1 0.683828 -0.25 0 14.342 17.4445
 58 1 0.683828 -0.25 1 23.816 27.1735
 58 1 0.683828 -0.25 2 35.96 38.7225
 58 1 0.683828 -0.25 3 47.516 51.884
 58 1 0.683828 -0.25 4 62.013 67.087
 58 1 0.683828 -0.25 5 76.176 86.546
 58 2 0.683828 0.25 0 15.83 19.82
 58 2 0.683828 0.25 1 25.101 28.799
 58 2 0.683828 0.25 2 36.3995 38.822
 58 2 0.683828 0.25 3 47.516 51.884
 58 2 0.683828 0.25 4 62.013 67.087
 58 2 0.683828 0.25 5 76.166 81.473
 58 3 0.683828 0.75 0 17.568 25.632
 58 3 0.683828 0.75 1 26.268 32.232
 58 3 0.683828 0.75 2 36.809 39.991
 58 3 0.683828 0.75 3 47.516 51.884
 58 3 0.683828 0.75 4 56.84 67.16
 58 3 0.683828 0.75 5 67.064 76.244
 59 0 0.695859 -0.75 0 7.3 15.9
 59 0 0.695859 -0.75 1 20.66 26.61
 59 0 0.695859 -0.75 2 35.106 38.8885
 59 0 0.695859 -0.75 3 51.8515 51.875
 59 0 0.695859 -0.75 4 67.043 71.208
 59 0 0.695859 -0.75 5 81.448 90.458
 59 1 0.695859 -0.25 0 14.5125 17.7375
 59 1 0.695859 -0.25 1 24.2835 27.7665
 59 1 0.695859 -0.25 2 36.69 39.27
 59 1 0.695859 -0.25 3 51.8515 51.875
 59 1 0.695859 -0.25 4 67.043 71.208
 59 1 0.695859 -0.25 5 81.413 86.487
 59 2 0.695859 0.25 0 16.126 20.121
 59 2 0.695859 0.25 1 25.687 29.213
 59 2 0.695859 0.25 2 37.266 39.534
 59 2 0.695859 0.25 3 51.8515 51.875
 59 2 0.695859 0.25 4 62.013 67.087
 59 2 0.695859 0.25 5 76.166 81.473
 59 3 0.695859 0.75 0 17.93 25.67
 59 3 0.695859 0.75 1 26.844 32.624
 59 3 0.695859 0.75 2 37.696 40.841
 59 3 0.695859 0.75 3 47.516 51.884
 59 3 0.695859 0.75 4 62.013 67.087
 59 3 0.695859 0.75 5 71.176 81.546
 60 0 0.707891 -0.75 0 7.9 16.5
 60 0 0.707891 -0.75 1 20.346 27.054
 60 0 0.707891 -0.75 2 35.53 39.5675
 60 0 0.707891 -0.75 3 51.82 56.92
 60 0 0.707891 -0.75 4 67.064 76.244
 60 0 0.707891 -0.75 5 86.448 95.458
 60 1 0.707891 -0.25 0 14.501 18.156
 60 1 0.707891 -0.25 1 24.8115 28.6385
 60 1 0.707891 -0.25 2 37.41 39.99
 60 1 0.707891 -0.25 3 51.8515 51.875
 60 1 0.707891 -0.25 4 67.043 71.208
 60 1 0.707891 -0.25 5 81.413 86.487
 60 2 0.707891 0.25 0 16.379 20.421
 60 2 0.707891 0.25 1 26.1115 29.9385
 60 2 0.707891 0.25 2 37.846 40.282
 60 2 0.707891 0.25 3 51.8515 51.875
 60 2 0.707891 0.25 4 67.043 71.208
 60 2 0.707891 0.25 5 81.413 86.487
 60 3 0.707891 0.75 0 18.365 26.535
 60 3 0.707891 0.75 1 27.397 33.503
 60 3 0.707891 0.75 2 38.466 41.734
 60 3 0.707891 0.75 3 51.8515 51.875
 60 3 0.707891 0.75 4 62.013 67.087
 60 3 0.707891 0.75 5 71.176 81.546
 61 0 0.719922 -0.75 0 7.542 16.658
 61 0 0.719922 -0.75 1 20.946 27.654
 61 0 0.719922 -0.75 2 36.3115 40.1385
 61 0 0.719922 -0.75 3 51.82 56.92
 61 0 0.719922 -0.75 4 71.18 76.28
 61 0 0.719922 -0.75 5 86.448 95.458
 61 1 0.719922 -0.25 0 14.672 18.6245
 61 1 0.719922 -0.25 1 25.2255 29.2245
 61 1 0.719922 -0.25 2 38.14 40.72
 61 1 0.719922 -0.25 3 51.82 56.92
 61 1 0.719922 -0.25 4 67.043 71.208
 61 1 0.719922 -0.25 5 81.448 90.458
 61 2 0.719922 0.25 0 16.679 20.721
 61 2 0.719922 0.25 1 26.701 30.356
 61 2 0.719922 0.25 2 38.5135 41.1365
 61 2 0.719922 0.25 3 51.82 56.92
 61 2 0.719922 0.25 4 67.043 71.208
 61 2 0.719922 0.25 5 81.413 86.487
 61 3 0.719922 0.75 0 18.544 26.364
 61 3 0.719922 0.75 1 27.844 33.624
 61 3 0.719922 0.75 2 38.8695 42.142
 61 3 0.719922 0.75 3 51.8515 51.875
 61 3 0.719922 0.75 4 61.956 71.244
 61 3 0.719922 0.75 5 76.166 81.473
 62 0 0.731953 -0.75 0 8.388 16.914
 62 0 0.731953 -0.75 1 22.062 27.738
 62 0 0.731953 -0.75 2 37.559 40.704
 62 0 0.731953 -0.75 3 51.82 56.92
 62 0 0.731953 -0.75 4 71.18 76.28
 62 0 0.731953 -0.75 5 86.448 95.458
 62 1 0.731953 -0.25 0 14.95 19.25
 62 1 0.731953 -0.25 1 25.665 29.49
 62 1 0.731953 -0.25 2 38.5135 41.1365
 62 1 0.731953 -0.25 3 51.82 56.92
 62 1 0.731953 -0.25 4 71.1985 71.222
 62 1 0.731953 -0.25 5 86.472 90.378
 62 2 0.731953 0.25 0 16.98 20.97
 62 2 0.731953 0.25 1 27.1265 30.5235
 62 2 0.731953 0.25 2 38.948 41.583
 62 2 0.731953 0.25 3 51.82 56.92
 62 2 0.731953 0.25 4 67.043 71.208
 62 2 0.731953 0.25 5 81.413 86.487
 62 3 0.731953 0.75 0 19.36 27.435
 62 3 0.731953 0.75 1 28.862 34.472
 62 3 0.731953 0.75 2 39.6625 42.8875
 62 3 0.731953 0.75 3 51.82 56.92
 62 3 0.731953 0.75 4 61.956 71.244
 62 3 0.731953 0.75 5 76.176 86.546
 63 0 0.743984 -0.75 0 0 0
 63 0 0.743984 -0.75 1 0 0
 63 0 0.743984 -0.75 2 0 0
 63 0 0.743984 -0.75 3 0 0
 63 0 0.743984 -0.75 4 0 0
 63 0 0.743984 -0.75 5 0 0
 63 1 0.743984 -0.25 0 0 0
 63 1 0.743984 -0.25 1 0 0
 63 1 0.743984 -0.25 2 0 0
 63 1 0.743984 -0.25 3 0 0
 63 1 0.743984 -0.25 4 0 0
 63 1 0.743984 -0.25 5 0 0
 63 2 0.743984 0.25 0 0 0
 63 2 0.743984 0.25 1 0 0
 63 2 0.743984 0.25 2 0 0
 63 2 0.743984 0.25 3 0 0
 63 2 0.743984 0.25 4 0 0
 63 2 0.743984 0.25 5 0 0
 63 3 0.743984 0.75 0 0 0
 63 3 0.743984 0.75 1 0 0
 63 3 0.743984 0.75 2 0 0
 63 3 0.743984 0.75 3 0 0
 63 3 0.743984 0.75 4 0 0
 63 3 0.743984 0.75 5 0 0
