 6 32 -0.02 0.75 4 -1 1
 0 0 -0.00796875 -0.75 0 -8.819 -1.681
 0 0 -0.00796875 -0.75 1 -5.443 -1.057
 0 0 -0.00796875 -0.75 2 -2.438 -0.159
 0 0 -0.00796875 -0.75 3 -2.052 2.994
 0 0 -0.00796875 -0.75 4 2.913 7.987
 0 0 -0.00796875 -0.75 5 2.928 12.788
 0 1 -0.00796875 -0.25 0 -1.909 0.1355
 0 1 -0.00796875 -0.25 1 -1.2168 0.0922
 0 1 -0.00796875 -0.25 2 -0.4612 0.2698
 0 1 -0.00796875 -0.25 3 -2.052 2.994
 0 1 -0.00796875 -0.25 4 -2.052 2.994
 0 1 -0.00796875 -0.25 5 -2.052 2.994
 0 2 -0.00796875 0.25 0 -0.032 2.008
 0 2 -0.00796875 0.25 1 0.075 1.395
 0 2 -0.00796875 0.25 2 -0.0305 0.7005
 0 2 -0.00796875 0.25 3 -1.9985 -1.975
 0 2 -0.00796875 0.25 4 -1.9985 -1.975
 0 2 -0.00796875 0.25 5 -1.9985 -1.975
 0 3 -0.00796875 0.75 0 1.846 8.476
 0 3 -0.00796875 0.75 1 1.2185 5.1315
 0 3 -0.00796875 0.75 2 0.3935 2.1565
 0 3 -0.00796875 0.75 3 -1.9985 -1.975
 0 3 -0.00796875 0.75 4 -7.02 -1.98
 0 3 -0.00796875 0.75 5 -12.092 -1.944
 1 0 0.0160938 -0.75 0 -8.385 -1.164
 1 0 0.0160938 -0.75 1 -5.428 -0.177
 1 0 0.0160938 -0.75 2 -1.726 0.994
 1 0 0.0160938 -0.75 3 2.925 2.9485
 1 0 0.0160938 -0.75 4 2.913 7.987
 1 0 0.0160938 -0.75 5 2.928 12.788
 1 1 0.0160938 -0.25 0 -1.776 0.718
 1 1 0.0160938 -0.25 1 -1.092 0.972
 1 1 0.0160938 -0.25 2 -0.33 1.43
 1 1 0.0160938 -0.25 3 -2.052 2.994
 1 1 0.0160938 -0.25 4 -2.052 2.994
 1 1 0.0160938 -0.25 5 2.913 7.987
 1 2 0.0160938 0.25 0 0.106 2.4645
 1 2 0.0160938 0.25 1 0.2145 2.2355
 1 2 0.0160938 0.25 2 0.2516 1.8684
 1 2 0.0160938 0.25 3 -2.052 2.994
 1 2 0.0160938 0.25 4 -2.052 2.994
 1 2 0.0160938 0.25 5 -2.052 2.994
 1 3 0.0160938 0.75 0 1.944 9.856
 1 3 0.0160938 0.75 1 1.355 6.945
 1 3 0.0160938 0.75 2 0.688 3.612
 1 3 0.0160938 0.75 3 -2.052 2.994
 1 3 0.0160938 0.75 4 -7.056 2.974
 1 3 0.0160938 0.75 5 -12.154 2.976
 2 0 0.0401563 -0.75 0 -8.835 -0.665
 2 0 0.0401563 -0.75 1 -5.031 0.664
 2 0 0.0401563 -0.75 2 -0.762 2.298
 2 0 0.0401563 -0.75 3 2.925 2.9485
 2 0 0.0401563 -0.75 4 2.928 12.788
 2 0 0.0401563 -0.75 5 7.928 17.904
 2 1 0.0401563 -0.25 0 -1.347 1.147
 2 1 0.0401563 -0.25 1 -0.2064 1.8264
 2 1 0.0401563 -0.25 2 0.832 2.724
 2 1 0.0401563 -0.25 3 2.925 2.9485
 2 1 0.0401563 -0.25 4 2.913 7.987
 2 1 0.0401563 -0.25 5 2.913 7.987
 2 2 0.0401563 0.25 0 0.6925 3.03
 2 2 0.0401563 0.25 1 0.9285 3.096
 2 2 0.0401563 0.25 2 1.4116 3.0284
 2 2 0.0401563 0.25 3 2.925 2.9485
 2 2 0.0401563 0.25 4 2.925 2.9485
 2 2 0.0401563 0.25 5 2.913 7.987
 2 3 0.0401563 0.75 0 2.509 10.252
 2 3 0.0401563 0.75 1 2.22 7.38
 2 3 0.0401563 0.75 2 1.846 4.954
 2 3 0.0401563 0.75 3 -2.052 2.994
 2 3 0.0401563 0.75 4 -2.052 2.994
 2 3 0.0401563 0.75 5 -7.056 2.974
 3 0 0.0642187 -0.75 0 -7.82 -0.085
 3 0 0.0642187 -0.75 1 -3.673 1.573
 3 0 0.0642187 -0.75 2 0.5415 3.5085
 3 0 0.0642187 -0.75 3 2.913 7.987
 3 0 0.0642187 -0.75 4 7.956 12.801
 3 0 0.0642187 -0.75 5 7.928 17.904
 3 1 0.0642187 -0.25 0 -0.747 1.718
 3 1 0.0642187 -0.25 1 0.654 2.8215
 3 1 0.0642187 -0.25 2 2.126 3.932
 3 1 0.0642187 -0.25 3 2.913 7.987
 3 1 0.0642187 -0.25 4 2.913 7.987
 3 1 0.0642187 -0.25 5 7.956 12.801
 3 2 0.0642187 0.25 0 1.132 3.626
 3 2 0.0642187 0.25 1 1.8 3.975
 3 2 0.0642187 0.25 2 2.568 4.374
 3 2 0.0642187 0.25 3 2.925 2.9485
 3 2 0.0642187 0.25 4 2.913 7.987
 3 2 0.0642187 0.25 5 2.913 7.987
 3 3 0.0642187 0.75 0 3.123 10.777
 3 3 0.0642187 0.75 1 3.055 8.645
 3 3 0.0642187 0.75 2 3.146 6.254
 3 3 0.0642187 0.75 3 2.925 2.9485
 3 3 0.0642187 0.75 4 -2.052 2.994
 3 3 0.0642187 0.75 5 -7.154 7.976
 4 0 0.0882813 -0.75 0 -7.821 0.424
 4 0 0.0882813 -0.75 1 -3.138 2.538
 4 0 0.0882813 -0.75 2 1.6915 4.6585
 4 0 0.0882813 -0.75 3 7.9515 7.975
 4 0 0.0882813 -0.75 4 7.928 17.904
 4 0 0.0882813 -0.75 5 12.744 22.892
 4 1 0.0882813 -0.25 0 -0.168 2.297
 4 1 0.0882813 -0.25 1 1.3855 3.691
 4 1 0.0882813 -0.25 2 3.297 5.103
 4 1 0.0882813 -0.25 3 2.913 7.987
 4 1 0.0882813 -0.25 4 7.956 12.801
 4 1 0.0882813 -0.25 5 7.956 12.801
 4 2 0.0882813 0.25 0 1.703 4.197
 4 2 0.0882813 0.25 1 2.654 4.847
 4 2 0.0882813 0.25 2 3.77 5.53
 4 2 0.0882813 0.25 3 2.913 7.987
 4 2 0.0882813 0.25 4 7.9515 7.975
 4 2 0.0882813 0.25 5 7.956 12.801
 4 3 0.0882813 0.75 0 3.516 11.084
 4 3 0.0882813 0.75 1 3.955 9.545
 4 3 0.0882813 0.75 2 4.352 7.412
 4 3 0.0882813 0.75 3 -2.104 7.988
 4 3 0.0882813 0.75 4 -2.104 7.988
 4 3 0.0882813 0.75 5 -2.104 7.988
 5 0 0.112344 -0.75 0 -7.04 1.035
 5 0 0.112344 -0.75 1 -2.424 3.424
 5 0 0.112344 -0.75 2 2.788 5.812
 5 0 0.112344 -0.75 3 7.956 12.801
 5 0 0.112344 -0.75 4 7.928 17.904
 5 0 0.112344 -0.75 5 12.646 27.954
 5 1 0.112344 -0.25 0 0.2635 2.8865
 5 1 0.112344 -0.25 1 2.358 4.542
 5 1 0.112344 -0.25 2 4.341 6.409
 5 1 0.112344 -0.25 3 7.9515 7.975
 5 1 0.112344 -0.25 4 7.956 12.801
 5 1 0.112344 -0.25 5 12.713 17.846
 5 2 0.112344 0.25 0 2.274 4.768
 5 2 0.112344 0.25 1 3.503 5.696
 5 2 0.112344 0.25 2 4.932 6.824
 5 2 0.112344 0.25 3 7.9515 7.975
 5 2 0.112344 0.25 4 7.956 12.801
 5 2 0.112344 0.25 5 7.956 12.801
 5 3 0.112344 0.75 0 4.123 11.777
 5 3 0.112344 0.75 1 4.804 10.285
 5 3 0.112344 0.75 2 5.514 8.484
 5 3 0.112344 0.75 3 2.913 7.987
 5 3 0.112344 0.75 4 2.913 7.987
 5 3 0.112344 0.75 5 -2.168 12.792
 6 0 0.136406 -0.75 0 -5.977 1.588
 6 0 0.136406 -0.75 1 -1.803 4.303
 6 0 0.136406 -0.75 2 3.782 7.268
 6 0 0.136406 -0.75 3 7.956 12.801
 6 0 0.136406 -0.75 4 12.713 17.846
 6 0 0.136406 -0.75 5 17.76 27.84
 6 1 0.136406 -0.25 0 0.6775 3.4725
 6 1 0.136406 -0.25 1 3.2285 5.4215
 6 1 0.136406 -0.25 2 5.641 7.709
 6 1 0.136406 -0.25 3 7.956 12.801
 6 1 0.136406 -0.25 4 12.7515 12.775
 6 1 0.136406 -0.25 5 12.713 17.846
 6 2 0.136406 0.25 0 2.853 5.347
 6 2 0.136406 0.25 1 4.3715 6.4785
 6 2 0.136406 0.25 2 6.082 7.996
 6 2 0.136406 0.25 3 7.956 12.801
 6 2 0.136406 0.25 4 7.956 12.801
 6 2 0.136406 0.25 5 12.713 17.846
 6 3 0.136406 0.75 0 4.688 11.912
 6 3 0.136406 0.75 1 5.688 10.812
 6 3 0.136406 0.75 2 6.8065 9.3435
 6 3 0.136406 0.75 3 7.9515 7.975
 6 3 0.136406 0.75 4 2.928 12.788
 6 3 0.136406 0.75 5 2.928 12.788
 7 0 0.160469 -0.75 0 -6.121 2.221
 7 0 0.160469 -0.75 1 -0.64 5.31
 7 0 0.160469 -0.75 2 4.7545 8.452
 7 0 0.160469 -0.75 3 12.7515 12.775
 7 0 0.160469 -0.75 4 12.744 22.892
 7 0 0.160469 -0.75 5 17.76 27.84
 7 1 0.160469 -0.25 0 1.2775 4.04
 7 1 0.160469 -0.25 1 3.953 6.418
 7 1 0.160469 -0.25 2 6.812 9.038
 7 1 0.160469 -0.25 3 7.956 12.801
 7 1 0.160469 -0.25 4 12.713 17.846
 7 1 0.160469 -0.25 5 17.772 22.846
 7 2 0.160469 0.25 0 3.283 5.9365
 7 2 0.160469 0.25 1 5.25 7.35
 7 2 0.160469 0.25 2 7.385 9.32
 7 2 0.160469 0.25 3 7.956 12.801
 7 2 0.160469 0.25 4 12.713 17.846
 7 2 0.160469 0.25 5 12.713 17.846
 7 3 0.160469 0.75 0 5.288 12.512
 7 3 0.160469 0.75 1 6.556 11.401
 7 3 0.160469 0.75 2 7.967 10.633
 7 3 0.160469 0.75 3 7.956 12.801
 7 3 0.160469 0.75 4 7.956 12.801
 7 3 0.160469 0.75 5 2.832 17.792
 8 0 0.184531 -0.75 0 -5.142 2.942
 8 0 0.184531 -0.75 1 0.066 6.138
 8 0 0.184531 -0.75 2 6.0545 9.7955
 8 0 0.184531 -0.75 3 12.713 17.846
 8 0 0.184531 -0.75 4 17.772 22.846
 8 0 0.184531 -0.75 5 22.784 32.416
 8 1 0.184531 -0.25 0 1.838 4.762
 8 1 0.184531 -0.25 1 4.806 7.068
 8 1 0.184531 -0.25 2 8.141 10.209
 8 1 0.184531 -0.25 3 12.7515 12.775
 8 1 0.184531 -0.25 4 12.713 17.846
 8 1 0.184531 -0.25 5 17.772 22.846
 8 2 0.184531 0.25 0 3.86 6.47
 8 2 0.184531 0.25 1 6.106 8.368
 8 2 0.184531 0.25 2 8.5936 10.6264
 8 2 0.184531 0.25 3 12.7515 12.775
 8 2 0.184531 0.25 4 12.713 17.846
 8 2 0.184531 0.25 5 17.772 22.846
 8 3 0.184531 0.75 0 5.723 13.377
 8 3 0.184531 0.75 1 7.334 12.666
 8 3 0.184531 0.75 2 9.16 11.9225
 8 3 0.184531 0.75 3 7.956 12.801
 8 3 0.184531 0.75 4 7.928 17.904
 8 3 0.184531 0.75 5 7.928 17.904
 9 0 0.208594 -0.75 0 -4.914 3.514
 9 0 0.208594 -0.75 1 0.604 6.796
 9 0 0.208594 -0.75 2 7.365 11.235
 9 0 0.208594 -0.75 3 12.713 17.846
 9 0 0.208594 -0.75 4 17.76 27.84
 9 0 0.208594 -0.75 5 22.784 32.416
 9 1 0.208594 -0.25 0 2.438 5.362
 9 1 0.208594 -0.25 1 5.668 8.076
 9 1 0.208594 -0.25 2 9.303 11.496
 9 1 0.208594 -0.25 3 12.713 17.846
 9 1 0.208594 -0.25 4 17.772 22.846
 9 1 0.208594 -0.25 5 22.78 27.88
 9 2 0.208594 0.25 0 4.46 7.04
 9 2 0.208594 0.25 1 6.753 9.247
 9 2 0.208594 0.25 2 9.453 11.947
 9 2 0.208594 0.25 3 12.713 17.846
 9 2 0.208594 0.25 4 17.775 17.7985
 9 2 0.208594 0.25 5 17.772 22.846
 9 3 0.208594 0.75 0 6.316 13.796
 9 3 0.208594 0.75 1 8.188 13.556
 9 3 0.208594 0.75 2 10.468 13.282
 9 3 0.208594 0.75 3 12.7515 12.775
 9 3 0.208594 0.75 4 12.713 17.846
 9 3 0.208594 0.75 5 12.744 22.892
 10 0 0.232656 -0.75 0 -3.488 4.077
 10 0 0.232656 -0.75 1 1.526 7.632
 10 0 0.232656 -0.75 2 8.9 12.3875
 10 0 0.232656 -0.75 3 17.775 17.7985
 10 0 0.232656 -0.75 4 22.78 27.88
 10 0 0.232656 -0.75 5 27.784 37.528
 10 1 0.232656 -0.25 0 2.9915 5.924
 10 1 0.232656 -0.25 1 6.546 8.954
 10 1 0.232656 -0.25 2 10.597 12.704
 10 1 0.232656 -0.25 3 12.713 17.846
 10 1 0.232656 -0.25 4 17.772 22.846
 10 1 0.232656 -0.25 5 22.78 27.88
 10 2 0.232656 0.25 0 4.874 7.626
 10 2 0.232656 0.25 1 7.603 10.097
 10 2 0.232656 0.25 2 11.185 13.1425
 10 2 0.232656 0.25 3 12.713 17.846
 10 2 0.232656 0.25 4 17.772 22.846
 10 2 0.232656 0.25 5 22.78 27.88
 10 3 0.232656 0.75 0 6.665 14.835
 10 3 0.232656 0.75 1 8.876 14.724
 10 3 0.232656 0.75 2 11.6055 14.7445
 10 3 0.232656 0.75 3 12.713 17.846
 10 3 0.232656 0.75 4 12.744 22.892
 10 3 0.232656 0.75 5 12.744 22.892
 11 0 0.256719 -0.75 0 -3.528 4.632
 11 0 0.256719 -0.75 1 2.876 8.656
 11 0 0.256719 -0.75 2 10.174 13.576
 11 0 0.256719 -0.75 3 17.772 22.846
 11 0 0.256719 -0.75 4 22.784 32.416
 11 0 0.256719 -0.75 5 27.792 42.582
 11 1 0.256719 -0.25 0 3.574 6.326
 11 1 0.256719 -0.25 1 7.167 9.802
 11 1 0.256719 -0.25 2 11.7715 14.0255
 11 1 0.256719 -0.25 3 17.775 17.7985
 11 1 0.256719 -0.25 4 22.78 27.88
 11 1 0.256719 -0.25 5 27.778 32.422
 11 2 0.256719 0.25 0 5.46 8.04
 11 2 0.256719 0.25 1 8.474 10.968
 11 2 0.256719 0.25 2 12.335 14.315
 11 2 0.256719 0.25 3 17.775 17.7985
 11 2 0.256719 0.25 4 22.775 22.7985
 11 2 0.256719 0.25 5 22.78 27.88
 11 3 0.256719 0.75 0 7.237 14.972
 11 3 0.256719 0.75 1 9.788 14.973
 11 3 0.256719 0.75 2 12.8275 15.6225
 11 3 0.256719 0.75 3 12.713 17.846
 11 3 0.256719 0.75 4 12.744 22.892
 11 3 0.256719 0.75 5 12.646 27.954
 12 0 0.280781 -0.75 0 -3.114 5.412
 12 0 0.280781 -0.75 1 4.141 9.559
 12 0 0.280781 -0.75 2 11.423 14.738
 12 0 0.280781 -0.75 3 17.772 22.846
 12 0 0.280781 -0.75 4 27.778 32.422
 12 0 0.280781 -0.75 5 32.36 42.56
 12 1 0.280781 -0.25 0 4.1705 6.8795
 12 1 0.280781 -0.25 1 8.06 10.8225
 12 1 0.280781 -0.25 2 12.824 15.318
 12 1 0.280781 -0.25 3 17.772 22.846
 12 1 0.280781 -0.25 4 22.78 27.88
 12 1 0.280781 -0.25 5 27.778 32.422
 12 2 0.280781 0.25 0 6.03 8.76
 12 2 0.280781 0.25 1 9.356 12.076
 12 2 0.280781 0.25 2 13.403 15.596
 12 2 0.280781 0.25 3 17.772 22.846
 12 2 0.280781 0.25 4 22.78 27.88
 12 2 0.280781 0.25 5 27.778 32.422
 12 3 0.280781 0.75 0 7.844 15.756
 12 3 0.280781 0.75 1 10.648 16.152
 12 3 0.280781 0.75 2 13.9985 17.016
 12 3 0.280781 0.75 3 17.775 17.7985
 12 3 0.280781 0.75 4 17.772 22.846
 12 3 0.280781 0.75 5 17.76 27.84
 13 0 0.304844 -0.75 0 -2.514 5.914
 13 0 0.304844 -0.75 1 4.669 10.431
 13 0 0.304844 -0.75 2 12.9625 16.1875
 13 0 0.304844 -0.75 3 22.775 22.7985
 13 0 0.304844 -0.75 4 27.784 37.528
 13 0 0.304844 -0.75 5 32.26 47.56
 13 1 0.304844 -0.25 0 4.756 7.476
 13 1 0.304844 -0.25 1 8.922 11.812
 13 1 0.304844 -0.25 2 14.139 16.488
 13 1 0.304844 -0.25 3 17.772 22.846
 13 1 0.304844 -0.25 4 27.778 32.422
 13 1 0.304844 -0.25 5 32.38 37.48
 13 2 0.304844 0.25 0 6.438 9.498
 13 2 0.304844 0.25 1 10.222 13.112
 13 2 0.304844 0.25 2 14.6995 17.179
 13 2 0.304844 0.25 3 17.772 22.846
 13 2 0.304844 0.25 4 22.78 27.88
 13 2 0.304844 0.25 5 27.778 32.422
 13 3 0.304844 0.75 0 8.46 16.44
 13 3 0.304844 0.75 1 11.755 17.345
 13 3 0.304844 0.75 2 15.123 18.477
 13 3 0.304844 0.75 3 17.772 22.846
 13 3 0.304844 0.75 4 22.3 27.88
 13 3 0.304844 0.75 5 22.784 32.416
 14 0 0.328906 -0.75 0 -1.188 6.377
 14 0 0.328906 -0.75 1 6.12 11.645
 14 0 0.328906 -0.75 2 13.97 17.7525
 14 0 0.328906 -0.75 3 22.78 27.88
 14 0 0.328906 -0.75 4 27.784 37.528
 14 0 0.328906 -0.75 5 37.308 47.574
 14 1 0.328906 -0.25 0 5.18 8.155
 14 1 0.328906 -0.25 1 9.795 12.805
 14 1 0.328906 -0.25 2 15.398 18.033
 14 1 0.328906 -0.25 3 22.775 22.7985
 14 1 0.328906 -0.25 4 27.778 32.422
 14 1 0.328906 -0.25 5 32.36 42.56
 14 2 0.328906 0.25 0 6.8625 10.0875
 14 2 0.328906 0.25 1 11.198 13.833
 14 2 0.328906 0.25 2 15.8635 18.4865
 14 2 0.328906 0.25 3 22.775 22.7985
 14 2 0.328906 0.25 4 27.778 32.422
 14 2 0.328906 0.25 5 32.38 37.48
 14 3 0.328906 0.75 0 8.858 16.942
 14 3 0.328906 0.75 1 12.448 18.016
 14 3 0.328906 0.75 2 16.45 19.7875
 14 3 0.328906 0.75 3 17.772 22.846
 14 3 0.328906 0.75 4 22.78 27.88
 14 3 0.328906 0.75 5 22.792 37.582
 15 0 0.352969 -0.75 0 -1.988 6.886
 15 0 0.352969 -0.75 1 6.404 12.524
 15 0 0.352969 -0.75 2 14.8465 19.054
 15 0 0.352969 -0.75 3 22.78 27.88
 15 0 0.352969 -0.75 4 32.36 42.56
 15 0 0.352969 -0.75 5 37.376 51.996
 15 1 0.352969 -0.25 0 5.768 8.6155
 15 1 0.352969 -0.25 1 10.659 13.841
 15 1 0.352969 -0.25 2 16.606 19.326
 15 1 0.352969 -0.25 3 22.78 27.88
 15 1 0.352969 -0.25 4 32.375 32.3985
 15 1 0.352969 -0.25 5 37.42 42.52
 15 2 0.352969 0.25 0 7.438 10.498
 15 2 0.352969 0.25 1 12.21 14.9725
 15 2 0.352969 0.25 2 17.274 19.768
 15 2 0.352969 0.25 3 22.78 27.88
 15 2 0.352969 0.25 4 27.778 32.422
 15 2 0.352969 0.25 5 37.42 42.52
 15 3 0.352969 0.75 0 9.468 17.628
 15 3 0.352969 0.75 1 13.32 18.888
 15 3 0.352969 0.75 2 17.852 20.948
 15 3 0.352969 0.75 3 22.78 27.88
 15 3 0.352969 0.75 4 22.784 32.416
 15 3 0.352969 0.75 5 27.784 37.528
 16 0 0.377031 -0.75 0 -1.658 7.458
 16 0 0.377031 -0.75 1 7.125 13.575
 16 0 0.377031 -0.75 2 16.279 20.274
 16 0 0.377031 -0.75 3 27.8015 27.825
 16 0 0.377031 -0.75 4 32.36 42.56
 16 0 0.377031 -0.75 5 42.496 51.904
 16 1 0.377031 -0.25 0 6.288 9.348
 16 1 0.377031 -0.25 1 11.924 14.676
 16 1 0.377031 -0.25 2 18.153 20.647
 16 1 0.377031 -0.25 3 22.78 27.88
 16 1 0.377031 -0.25 4 32.38 37.48
 16 1 0.377031 -0.25 5 42.48 47.58
 16 2 0.377031 0.25 0 8.0195 11.3305
 16 2 0.377031 0.25 1 13.067 15.702
 16 2 0.377031 0.25 2 18.574 21.068
 16 2 0.377031 0.25 3 22.78 27.88
 16 2 0.377031 0.25 4 32.38 37.48
 16 2 0.377031 0.25 5 37.42 42.52
 16 3 0.377031 0.75 0 10.044 17.949
 16 3 0.377031 0.75 1 14.228 19.838
 16 3 0.377031 0.75 2 19.1555 22.2945
 16 3 0.377031 0.75 3 22.78 27.88
 16 3 0.377031 0.75 4 27.778 32.422
 16 3 0.377031 0.75 5 27.792 42.582
 17 0 0.401094 -0.75 0 0.089 8.188
 17 0 0.401094 -0.75 1 8.032 14.568
 17 0 0.401094 -0.75 2 18.016 21.3735
 17 0 0.401094 -0.75 3 27.778 32.422
 17 0 0.401094 -0.75 4 37.308 47.574
 17 0 0.401094 -0.75 5 47.496 56.904
 17 1 0.401094 -0.25 0 6.716 10.0735
 17 1 0.401094 -0.25 1 12.6275 15.4225
 17 1 0.401094 -0.25 2 19.4425 21.8075
 17 1 0.401094 -0.25 3 27.8015 27.825
 17 1 0.401094 -0.25 4 37.4015 37.425
 17 1 0.401094 -0.25 5 42.48 47.58
 17 2 0.401094 0.25 0 8.5835 12.0665
 17 2 0.401094 0.25 1 13.948 16.583
 17 2 0.401094 0.25 2 19.896 22.304
 17 2 0.401094 0.25 3 27.8015 27.825
 17 2 0.401094 0.25 4 32.38 37.48
 17 2 0.401094 0.25 5 42.48 47.58
 17 3 0.401094 0.75 0 10.651 18.649
 17 3 0.401094 0.75 1 15.228 20.838
 17 3 0.401094 0.75 2 20.4555 23.5945
 17 3 0.401094 0.75 3 27.8015 27.825
 17 3 0.401094 0.75 4 27.784 37.528
 17 3 0.401094 0.75 5 32.36 42.56
 18 0 0.425156 -0.75 0 -0.336 8.844
 18 0 0.425156 -0.75 1 8.632 15.268
 18 0 0.425156 -0.75 2 19.0045 22.7455
 18 0 0.425156 -0.75 3 27.778 32.422
 18 0 0.425156 -0.75 4 37.308 47.574
 18 0 0.425156 -0.75 5 47.404 62.196
 18 1 0.425156 -0.25 0 7.154 10.498
 18 1 0.425156 -0.25 1 13.514 16.286
 18 1 0.425156 -0.25 2 20.746 23.154
 18 1 0.425156 -0.25 3 27.778 32.422
 18 1 0.425156 -0.25 4 37.42 42.52
 18 1 0.425156 -0.25 5 47.516 51.884
 18 2 0.425156 0.25 0 9.174 12.6165
 18 2 0.425156 0.25 1 14.814 17.586
 18 2 0.425156 0.25 2 21.196 23.604
 18 2 0.425156 0.25 3 27.778 32.422
 18 2 0.425156 0.25 4 37.42 42.52
 18 2 0.425156 0.25 5 42.48 47.58
 18 3 0.425156 0.75 0 11.284 19.614
 18 3 0.425156 0.75 1 15.9 22.2
 18 3 0.425156 0.75 2 21.41 25.19
 18 3 0.425156 0.75 3 27.778 32.422
 18 3 0.425156 0.75 4 32.38 37.48
 18 3 0.425156 0.75 5 37.308 47.574
 19 0 0.449219 -0.75 0 1.358 9.348
 19 0 0.449219 -0.75 1 10.455 16.045
 19 0 0.449219 -0.75 2 20.758 24.0305
 19 0 0.449219 -0.75 3 32.38 37.48
 19 0 0.449219 -0.75 4 42.496 51.904
 19 0 0.449219 -0.75 5 51.84 62.16
 19 1 0.449219 -0.25 0 7.8475 11.46
 19 1 0.449219 -0.25 1 14.522 17.412
 19 1 0.449219 -0.25 2 21.6775 24.6025
 19 1 0.449219 -0.25 3 32.375 32.3985
 19 1 0.449219 -0.25 4 37.42 42.52
 19 1 0.449219 -0.25 5 47.496 56.904
 19 2 0.449219 0.25 0 9.594 13.206
 19 2 0.449219 0.25 1 15.404 18.596
 19 2 0.449219 0.25 2 22.2635 24.917
 19 2 0.449219 0.25 3 27.778 32.422
 19 2 0.449219 0.25 4 37.42 42.52
 19 2 0.449219 0.25 5 47.516 51.884
 19 3 0.449219 0.75 0 12 20.4
 19 3 0.449219 0.75 1 16.832 23.292
 19 3 0.449219 0.75 2 22.86 26.685
 19 3 0.449219 0.75 3 27.778 32.422
 19 3 0.449219 0.75 4 32.36 42.56
 19 3 0.449219 0.75 5 37.376 51.996
 20 0 0.473281 -0.75 0 2.402 9.798
 20 0 0.473281 -0.75 1 10.99 17.01
 20 0 0.473281 -0.75 2 21.706 25.4885
 20 0 0.473281 -0.75 3 32.38 37.48
 20 0 0.473281 -0.75 4 42.496 51.904
 20 0 0.473281 -0.75 5 51.84 67.14
 20 1 0.473281 -0.25 0 8.452 12.192
 20 1 0.473281 -0.25 1 15.252 18.312
 20 1 0.473281 -0.25 2 23.059 26.241
 20 1 0.473281 -0.25 3 32.38 37.48
 20 1 0.473281 -0.25 4 42.48 47.58
 20 1 0.473281 -0.25 5 51.82 56.92
 20 2 0.473281 0.25 0 10.7125 13.9375
 20 2 0.473281 0.25 1 16.402 19.462
 20 2 0.473281 0.25 2 23.5555 26.6945
 20 2 0.473281 0.25 3 32.38 37.48
 20 2 0.473281 0.25 4 42.496 51.904
 20 2 0.473281 0.25 5 47.496 56.904
 20 3 0.473281 0.75 0 12.537 20.272
 20 3 0.473281 0.75 1 17.704 23.824
 20 3 0.473281 0.75 2 24.1405 27.7095
 20 3 0.473281 0.75 3 32.375 32.3985
 20 3 0.473281 0.75 4 37.42 42.52
 20 3 0.473281 0.75 5 42.496 51.904
 21 0 0.497344 -0.75 0 1.528 10.576
 21 0 0.497344 -0.75 1 11.439 18.061
 21 0 0.497344 -0.75 2 22.53 27.26
 21 0 0.497344 -0.75 3 32.38 37.48
 21 0 0.497344 -0.75 4 47.516 51.884
 21 0 0.497344 -0.75 5 56.79 71.24
 21 1 0.497344 -0.25 0 8.858 12.642
 21 1 0.497344 -0.25 1 15.973 19.327
 21 1 0.497344 -0.25 2 24.28 27.68
 21 1 0.497344 -0.25 3 32.38 37.48
 21 1 0.497344 -0.25 4 42.48 47.58
 21 1 0.497344 -0.25 5 51.84 62.16
 21 2 0.497344 0.25 0 11.1265 14.5235
 21 2 0.497344 0.25 1 17.274 20.7165
 21 2 0.497344 0.25 2 24.8555 27.9945
 21 2 0.497344 0.25 3 32.38 37.48
 21 2 0.497344 0.25 4 42.48 47.58
 21 2 0.497344 0.25 5 51.82 56.92
 21 3 0.497344 0.75 0 13.168 21.328
 21 3 0.497344 0.75 1 18.584 24.716
 21 3 0.497344 0.75 2 25.46 29.285
 21 3 0.497344 0.75 3 32.38 37.48
 21 3 0.497344 0.75 4 37.308 47.574
 21 3 0.497344 0.75 5 42.39 57.01
 22 0 0.521406 -0.75 0 2.714 11.486
 22 0 0.521406 -0.75 1 12.625 19.075
 22 0 0.521406 -0.75 2 23.978 28.622
 22 0 0.521406 -0.75 3 37.42 42.52
 22 0 0.521406 -0.75 4 47.496 56.904
 22 0 0.521406 -0.75 5 56.79 71.24
 22 1 0.521406 -0.25 0 9.468 13.332
 22 1 0.521406 -0.25 1 16.8185 20.686
 22 1 0.521406 -0.25 2 25.9125 29.1375
 22 1 0.521406 -0.25 3 37.4015 37.425
 22 1 0.521406 -0.25 4 47.516 51.884
 22 1 0.521406 -0.25 5 56.888 62.073
 22 2 0.521406 0.25 0 11.716 14.984
 22 2 0.521406 0.25 1 18.286 21.856
 22 2 0.521406 0.25 2 26.4915 29.424
 22 2 0.521406 0.25 3 37.4015 37.425
 22 2 0.521406 0.25 4 47.516 51.884
 22 2 0.521406 0.25 5 56.888 62.073
 22 3 0.521406 0.75 0 13.679 22.021
 22 3 0.521406 0.75 1 19.755 25.28
 22 3 0.521406 0.75 2 27.096 30.241
 22 3 0.521406 0.75 3 32.38 37.48
 22 3 0.521406 0.75 4 42.48 47.58
 22 3 0.521406 0.75 5 47.496 56.904
 23 0 0.545469 -0.75 0 3.7 12.2
 23 0 0.545469 -0.75 1 14.218 20.582
 23 0 0.545469 -0.75 2 25.934 30.014
 23 0 0.545469 -0.75 3 37.42 42.52
 23 0 0.545469 -0.75 4 51.82 56.92
 23 0 0.545469 -0.75 5 61.976 76.256
 23 1 0.545469 -0.25 0 10.046 14.204
 23 1 0.545469 -0.25 1 17.852 21.548
 23 1 0.545469 -0.25 2 27.3775 30.14
 23 1 0.545469 -0.25 3 37.42 42.52
 23 1 0.545469 -0.25 4 47.516 51.884
 23 1 0.545469 -0.25 5 62.013 67.087
 23 2 0.545469 0.25 0 12.308 15.5805
 23 2 0.545469 0.25 1 19.144 22.714
 23 2 0.545469 0.25 2 27.96 30.51
 23 2 0.545469 0.25 3 37.42 42.52
 23 2 0.545469 0.25 4 47.516 51.884
 23 2 0.545469 0.25 5 56.888 62.073
 23 3 0.545469 0.75 0 14.468 22.628
 23 3 0.545469 0.75 1 20.762 26.438
 23 3 0.545469 0.75 2 28.4405 31.968
 23 3 0.545469 0.75 3 37.42 42.52
 23 3 0.545469 0.75 4 42.496 51.904
 23 3 0.545469 0.75 5 47.404 62.196
 24 0 0.569531 -0.75 0 5.3 12.844
 24 0 0.569531 -0.75 1 15.218 21.582
 24 0 0.569531 -0.75 2 27.5045 31.2455
 24 0 0.569531 -0.75 3 42.478 42.5015
 24 0 0.569531 -0.75 4 51.84 62.16
 24 0 0.569531 -0.75 5 67.064 76.244
 24 1 0.569531 -0.25 0 11.137 14.663
 24 1 0.569531 -0.25 1 18.864 22.7315
 24 1 0.569531 -0.25 2 28.831 31.669
 24 1 0.569531 -0.25 3 37.42 42.52
 24 1 0.569531 -0.25 4 51.82 56.92
 24 1 0.569531 -0.25 5 61.956 71.244
 24 2 0.569531 0.25 0 13.016 16.284
 24 2 0.569531 0.25 1 20.523 23.877
 24 2 0.569531 0.25 2 29.268 32.1155
 24 2 0.569531 0.25 3 37.42 42.52
 24 2 0.569531 0.25 4 51.82 56.92
 24 2 0.569531 0.25 5 62.013 67.087
 24 3 0.569531 0.75 0 14.816 23.486
 24 3 0.569531 0.75 1 21.772 27.756
 24 3 0.569531 0.75 2 29.83 33.27
 24 3 0.569531 0.75 3 37.42 42.52
 24 3 0.569531 0.75 4 47.516 51.884
 24 3 0.569531 0.75 5 51.84 67.14
 25 0 0.593594 -0.75 0 4.464 13.644
 25 0 0.593594 -0.75 1 15.396 22.704
 25 0 0.593594 -0.75 2 28.793 33.007
 25 0 0.593594 -0.75 3 42.48 47.58
 25 0 0.593594 -0.75 4 56.888 62.073
 25 0 0.593594 -0.75 5 66.99 81.61
 25 1 0.593594 -0.25 0 11.58 14.98
 25 1 0.593594 -0.25 1 20.232 23.718
 25 1 0.593594 -0.25 2 29.9125 33.1375
 25 1 0.593594 -0.25 3 42.48 47.58
 25 1 0.593594 -0.25 4 51.82 56.92
 25 1 0.593594 -0.25 5 67.043 71.208
 25 2 0.593594 0.25 0 13.608 16.8805
 25 2 0.593594 0.25 1 21.4 24.55
 25 2 0.593594 0.25 2 30.3485 33.4015
 25 2 0.593594 0.25 3 42.478 42.5015
 25 2 0.593594 0.25 4 51.84 62.16
 25 2 0.593594 0.25 5 61.956 71.244
 25 3 0.593594 0.75 0 15.092 23.507
 25 3 0.593594 0.75 1 22.844 28.624
 25 3 0.593594 0.75 2 30.894 35.108
 25 3 0.593594 0.75 3 42.478 42.5015
 25 3 0.593594 0.75 4 47.496 56.904
 25 3 0.593594 0.75 5 56.84 67.16
 26 0 0.617656 -0.75 0 5.156 14.444
 26 0 0.617656 -0.75 1 15.937 23.672
 26 0 0.617656 -0.75 2 29.624 34.129
 26 0 0.617656 -0.75 3 42.48 47.58
 26 0 0.617656 -0.75 4 56.84 67.16
 26 0 0.617656 -0.75 5 71.176 81.546
 26 1 0.617656 -0.25 0 12.28 15.72
 26 1 0.617656 -0.25 1 21.25 24.4375
 26 1 0.617656 -0.25 2 31.208 34.992
 26 1 0.617656 -0.25 3 42.48 47.58
 26 1 0.617656 -0.25 4 56.888 62.073
 26 1 0.617656 -0.25 5 67.064 76.244
 26 2 0.617656 0.25 0 14.2835 17.726
 26 2 0.617656 0.25 1 22.4 25.5875
 26 2 0.617656 0.25 2 31.6475 35.26
 26 2 0.617656 0.25 3 42.48 47.58
 26 2 0.617656 0.25 4 56.888 62.073
 26 2 0.617656 0.25 5 67.043 71.208
 26 3 0.617656 0.75 0 15.612 24.486
 26 3 0.617656 0.75 1 23.7 30.075
 26 3 0.617656 0.75 2 32.194 36.408
 26 3 0.617656 0.75 3 42.48 47.58
 26 3 0.617656 0.75 4 51.82 56.92
 26 3 0.617656 0.75 5 56.79 71.24
 27 0 0.641719 -0.75 0 6.665 14.835
 27 0 0.641719 -0.75 1 16.809 24.204
 27 0 0.641719 -0.75 2 30.641 35.996
 27 0 0.641719 -0.75 3 47.516 51.884
 27 0 0.641719 -0.75 4 61.956 71.244
 27 0 0.641719 -0.75 5 76.176 86.546
 27 1 0.641719 -0.25 0 12.886 16.456
 27 1 0.641719 -0.25 1 22.112 25.427
 27 1 0.641719 -0.25 2 32.518 36.428
 27 1 0.641719 -0.25 3 47.525 47.5485
 27 1 0.641719 -0.25 4 56.84 67.16
 27 1 0.641719 -0.25 5 71.176 81.546
 27 2 0.641719 0.25 0 14.678 18.163
 27 2 0.641719 0.25 1 23.409 26.591
 27 2 0.641719 0.25 2 33.065 36.89
 27 2 0.641719 0.25 3 47.525 47.5485
 27 2 0.641719 0.25 4 56.888 62.073
 27 2 0.641719 0.25 5 71.18 76.28
 27 3 0.641719 0.75 0 16.384 24.616
 27 3 0.641719 0.75 1 24.225 30.675
 27 3 0.641719 0.75 2 33.643 38.151
 27 3 0.641719 0.75 3 42.48 47.58
 27 3 0.641719 0.75 4 51.84 62.16
 27 3 0.641719 0.75 5 61.956 71.244
 28 0 0.665781 -0.75 0 6.142 15.152
 28 0 0.665781 -0.75 1 18.195 25.42
 28 0 0.665781 -0.75 2 32.527 37.712
 28 0 0.665781 -0.75 3 47.516 51.884
 28 0 0.665781 -0.75 4 61.956 71.244
 28 0 0.665781 -0.75 5 76.162 90.438
 28 1 0.665781 -0.25 0 13.5905 17.1595
 28 1 0.665781 -0.25 1 23.128 26.572
 28 1 0.665781 -0.25 2 34.501 38.156
 28 1 0.665781 -0.25 3 47.516 51.884
 28 1 0.665781 -0.25 4 62.013 67.087
 28 1 0.665781 -0.25 5 76.166 81.473
 28 2 0.665781 0.25 0 14.964 19.384
 28 2 0.665781 0.25 1 23.9475 27.6025
 28 2 0.665781 0.25 2 34.937 38.463
 28 2 0.665781 0.25 3 47.516 51.884
 28 2 0.665781 0.25 4 62.013 67.087
 28 2 0.665781 0.25 5 71.176 81.546
 28 3 0.665781 0.75 0 17.086 25.514
 28 3 0.665781 0.75 1 25.311 32.1
 28 3 0.665781 0.75 2 35.508 39.424
 28 3 0.665781 0.75 3 47.516 51.884
 28 3 0.665781 0.75 4 56.888 62.073
 28 3 0.665781 0.75 5 67.064 76.244
 29 0 0.689844 -0.75 0 7.114 15.886
 29 0 0.689844 -0.75 1 18.56 26.635
 29 0 0.689844 -0.75 2 33.534 38.866
 29 0 0.689844 -0.75 3 47.516 51.884
 29 0 0.689844 -0.75 4 67.043 71.208
 29 0 0.689844 -0.75 5 81.448 90.458
 29 1 0.689844 -0.25 0 14.33 17.73
 29 1 0.689844 -0.25 1 23.81 27.77
 29 1 0.689844 -0.25 2 35.961 39.254
 29 1 0.689844 -0.25 3 47.516 51.884
 29 1 0.689844 -0.25 4 61.956 71.244
 29 1 0.689844 -0.25 5 76.176 86.546
 29 2 0.689844 0.25 0 15.8 20.1
 29 2 0.689844 0.25 1 25.0895 29.212
 29 2 0.689844 0.25 2 36.396 39.541
 29 2 0.689844 0.25 3 47.516 51.884
 29 2 0.689844 0.25 4 62.013 67.087
 29 2 0.689844 0.25 5 76.166 81.473
 29 3 0.689844 0.75 0 17.568 25.632
 29 3 0.689844 0.75 1 26.225 32.6
 29 3 0.689844 0.75 2 36.83 40.8675
 29 3 0.689844 0.75 3 47.516 51.884
 29 3 0.689844 0.75 4 56.84 67.16
 29 3 0.689844 0.75 5 66.99 81.61
 30 0 0.713906 -0.75 0 7.542 16.658
 30 0 0.713906 -0.75 1 20.388 27.612
 30 0 0.713906 -0.75 2 35.532 40.122
 30 0 0.713906 -0.75 3 51.82 56.92
 30 0 0.713906 -0.75 4 67.064 76.244
 30 0 0.713906 -0.75 5 86.448 95.458
 30 1 0.713906 -0.25 0 14.534 18.614
 30 1 0.713906 -0.25 1 24.816 29.236
 30 1 0.713906 -0.25 2 37.412 40.727
 30 1 0.713906 -0.25 3 51.82 56.92
 30 1 0.713906 -0.25 4 67.043 71.208
 30 1 0.713906 -0.25 5 81.448 90.458
 30 2 0.713906 0.25 0 16.408 20.692
 30 2 0.713906 0.25 1 26.094 30.357
 30 2 0.713906 0.25 2 37.823 41.138
 30 2 0.713906 0.25 3 51.82 56.92
 30 2 0.713906 0.25 4 67.043 71.208
 30 2 0.713906 0.25 5 81.413 86.487
 30 3 0.713906 0.75 0 18.365 26.535
 30 3 0.713906 0.75 1 27.411 33.616
 30 3 0.713906 0.75 2 38.4545 42.152
 30 3 0.713906 0.75 3 51.8515 51.875
 30 3 0.713906 0.75 4 61.956 71.244
 30 3 0.713906 0.75 5 71.176 81.546
 31 0 0.737969 -0.75 0 8.388 16.914
 31 0 0.737969 -0.75 1 22.062 27.738
 31 0 0.737969 -0.75 2 37.559 40.704
 31 0 0.737969 -0.75 3 51.82 56.92
 31 0 0.737969 -0.75 4 71.18 76.28
 31 0 0.737969 -0.75 5 86.448 95.458
 31 1 0.737969 -0.25 0 14.95 19.25
 31 1 0.737969 -0.25 1 25.665 29.49
 31 1 0.737969 -0.25 2 38.5135 41.1365
 31 1 0.737969 -0.25 3 51.82 56.92
 31 1 0.737969 -0.25 4 71.1985 71.222
 31 1 0.737969 -0.25 5 86.472 90.378
 31 2 0.737969 0.25 0 16.98 20.97
 31 2 0.737969 0.25 1 27.1265 30.5235
 31 2 0.737969 0.25 2 38.948 41.583
 31 2 0.737969 0.25 3 51.82 56.92
 31 2 0.737969 0.25 4 67.043 71.208
 31 2 0.737969 0.25 5 81.413 86.487
 31 3 0.737969 0.75 0 19.36 27.435
 31 3 0.737969 0.75 1 28.862 34.472
 31 3 0.737969 0.75 2 39.6625 42.8875
 31 3 0.737969 0.75 3 51.82 56.92
 31 3 0.737969 0.75 4 61.956 71.244
 31 3 0.737969 0.75 5 76.176 86.546
