 6 16 -0.02 0.75 4 -1 1
 0 0 0.0040625 -0.75 0 -8.78 -1.13
 0 0 0.0040625 -0.75 1 -5.428 -0.177
 0 0 0.0040625 -0.75 2 -2.4665 1.0165
 0 0 0.0040625 -0.75 3 -2.052 2.994
 0 0 0.0040625 -0.75 4 2.913 7.987
 0 0 0.0040625 -0.75 5 2.928 12.788
 0 1 0.0040625 -0.25 0 -1.902 0.733
 0 1 0.0040625 -0.25 1 -1.2215 0.9715
 0 1 0.0040625 -0.25 2 -0.468 1.424
 0 1 0.0040625 -0.25 3 -2.052 2.994
 0 1 0.0040625 -0.25 4 -2.052 2.994
 0 1 0.0040625 -0.25 5 -2.104 7.988
 0 2 0.0040625 0.25 0 0 2.4645
 0 2 0.0040625 0.25 1 0.072 2.232
 0 2 0.0040625 0.25 2 -0.046 1.868
 0 2 0.0040625 0.25 3 -2.052 2.994
 0 2 0.0040625 0.25 4 -2.052 2.994
 0 2 0.0040625 0.25 5 -2.052 2.994
 0 3 0.0040625 0.75 0 1.852 9.842
 0 3 0.0040625 0.75 1 1.236 6.931
 0 3 0.0040625 0.75 2 0.404 3.596
 0 3 0.0040625 0.75 3 -2.052 2.994
 0 3 0.0040625 0.75 4 -7.056 2.974
 0 3 0.0040625 0.75 5 -12.154 2.976
 1 0 0.0521875 -0.75 0 -8.832 -0.096
 1 0 0.0521875 -0.75 1 -4.984 1.561
 1 0 0.0521875 -0.75 2 -0.75 3.5
 1 0 0.0521875 -0.75 3 2.913 7.987
 1 0 0.0521875 -0.75 4 2.928 12.788
 1 0 0.0521875 -0.75 5 7.928 17.904
 1 1 0.0521875 -0.25 0 -1.348 1.748
 1 1 0.0521875 -0.25 1 -0.216 2.8015
 1 1 0.0521875 -0.25 2 0.842 3.9445
 1 1 0.0521875 -0.25 3 2.913 7.987
 1 1 0.0521875 -0.25 4 2.913 7.987
 1 1 0.0521875 -0.25 5 2.928 12.788
 1 2 0.0521875 0.25 0 0.688 3.612
 1 2 0.0521875 0.25 1 0.9505 3.9655
 1 2 0.0521875 0.25 2 1.399 4.369
 1 2 0.0521875 0.25 3 2.925 2.9485
 1 2 0.0521875 0.25 4 2.913 7.987
 1 2 0.0521875 0.25 5 2.913 7.987
 1 3 0.0521875 0.75 0 2.576 10.821
 1 3 0.0521875 0.75 1 2.197 8.658
 1 3 0.0521875 0.75 2 1.842 6.252
 1 3 0.0521875 0.75 3 -2.052 2.994
 1 3 0.0521875 0.75 4 -2.052 2.994
 1 3 0.0521875 0.75 5 -7.154 7.976
 2 0 0.100312 -0.75 0 -7.8 1.035
 2 0 0.100312 -0.75 1 -3.161 3.384
 2 0 0.100312 -0.75 2 1.692 5.857
 2 0 0.100312 -0.75 3 7.956 12.801
 2 0 0.100312 -0.75 4 7.928 17.904
 2 0 0.100312 -0.75 5 12.744 23.6
 2 1 0.100312 -0.25 0 -0.162 2.898
 2 1 0.100312 -0.25 1 1.359 4.541
 2 1 0.100312 -0.25 2 3.269 6.4085
 2 1 0.100312 -0.25 3 2.913 7.987
 2 1 0.100312 -0.25 4 7.956 12.801
 2 1 0.100312 -0.25 5 7.928 17.904
 2 2 0.100312 0.25 0 1.702 4.762
 2 2 0.100312 0.25 1 2.6485 5.7015
 2 2 0.100312 0.25 2 3.752 6.848
 2 2 0.100312 0.25 3 2.913 7.987
 2 2 0.100312 0.25 4 7.956 12.801
 2 2 0.100312 0.25 5 7.956 12.801
 2 3 0.100312 0.75 0 3.558 11.83
 2 3 0.100312 0.75 1 3.897 10.287
 2 3 0.100312 0.75 2 4.356 8.45
 2 3 0.100312 0.75 3 -2.104 7.988
 2 3 0.100312 0.75 4 -2.104 7.988
 2 3 0.100312 0.75 5 -2.168 12.792
 3 0 0.148438 -0.75 0 -6.124 2.228
 3 0 0.148438 -0.75 1 -1.8 5.284
 3 0 0.148438 -0.75 2 3.751 8.494
 3 0 0.148438 -0.75 3 7.956 12.801
 3 0 0.148438 -0.75 4 12.744 22.892
 3 0 0.148438 -0.75 5 17.76 27.84
 3 1 0.148438 -0.25 0 0.6765 4.034
 3 1 0.148438 -0.25 1 3.2125 6.4375
 3 1 0.148438 -0.25 2 5.63 9.03
 3 1 0.148438 -0.25 3 7.956 12.801
 3 1 0.148438 -0.25 4 12.713 17.846
 3 1 0.148438 -0.25 5 12.744 22.892
 3 2 0.148438 0.25 0 2.852 5.948
 3 2 0.148438 0.25 1 4.38 7.355
 3 2 0.148438 0.25 2 6.066 9.334
 3 2 0.148438 0.25 3 7.956 12.801
 3 2 0.148438 0.25 4 7.928 17.904
 3 2 0.148438 0.25 5 12.713 17.846
 3 3 0.148438 0.75 0 4.74 12.48
 3 3 0.148438 0.75 1 5.669 11.364
 3 3 0.148438 0.75 2 6.801 10.628
 3 3 0.148438 0.75 3 7.956 12.801
 3 3 0.148438 0.75 4 2.928 12.788
 3 3 0.148438 0.75 5 2.832 17.792
 4 0 0.196563 -0.75 0 -5.112 3.512
 4 0 0.196563 -0.75 1 0.074 6.808
 4 0 0.196563 -0.75 2 6.06 11.22
 4 0 0.196563 -0.75 3 12.713 17.846
 4 0 0.196563 -0.75 4 17.76 27.84
 4 0 0.196563 -0.75 5 22.784 32.416
 4 1 0.196563 -0.25 0 1.837 5.363
 4 1 0.196563 -0.25 1 4.808 8.0805
 4 1 0.196563 -0.25 2 8.1265 11.5235
 4 1 0.196563 -0.25 3 12.713 17.846
 4 1 0.196563 -0.25 4 12.744 22.892
 4 1 0.196563 -0.25 5 17.76 27.84
 4 2 0.196563 0.25 0 3.859 7.041
 4 2 0.196563 0.25 1 6.1055 9.2445
 4 2 0.196563 0.25 2 8.5765 11.934
 4 2 0.196563 0.25 3 12.713 17.846
 4 2 0.196563 0.25 4 12.713 17.846
 4 2 0.196563 0.25 5 17.772 22.846
 4 3 0.196563 0.75 0 5.758 13.849
 4 3 0.196563 0.75 1 7.32 13.55
 4 3 0.196563 0.75 2 9.129 13.312
 4 3 0.196563 0.75 3 7.956 12.801
 4 3 0.196563 0.75 4 7.928 17.904
 4 3 0.196563 0.75 5 7.832 22.968
 5 0 0.244688 -0.75 0 -3.528 4.632
 5 0 0.244688 -0.75 1 1.9 8.689
 5 0 0.244688 -0.75 2 8.95 13.606
 5 0 0.244688 -0.75 3 17.772 22.846
 5 0 0.244688 -0.75 4 22.784 32.416
 5 0 0.244688 -0.75 5 27.792 42.582
 5 1 0.244688 -0.25 0 3.0125 6.3125
 5 1 0.244688 -0.25 1 6.5195 9.8305
 5 1 0.244688 -0.25 2 10.608 14.0345
 5 1 0.244688 -0.25 3 12.713 17.846
 5 1 0.244688 -0.25 4 17.76 27.84
 5 1 0.244688 -0.25 5 22.784 32.416
 5 2 0.244688 0.25 0 4.892 8.0515
 5 2 0.244688 0.25 1 7.616 10.9735
 5 2 0.244688 0.25 2 11.196 14.304
 5 2 0.244688 0.25 3 12.713 17.846
 5 2 0.244688 0.25 4 17.772 22.846
 5 2 0.244688 0.25 5 22.78 27.88
 5 3 0.244688 0.75 0 6.679 15.021
 5 3 0.244688 0.75 1 8.897 15.003
 5 3 0.244688 0.75 2 11.626 15.621
 5 3 0.244688 0.75 3 12.713 17.846
 5 3 0.244688 0.75 4 12.744 22.892
 5 3 0.244688 0.75 5 12.646 27.954
 6 0 0.292812 -0.75 0 -3.058 5.952
 6 0 0.292812 -0.75 1 4.132 10.396
 6 0 0.292812 -0.75 2 11.432 16.184
 6 0 0.292812 -0.75 3 17.772 22.846
 6 0 0.292812 -0.75 4 27.784 37.528
 6 0 0.292812 -0.75 5 32.26 47.56
 6 1 0.292812 -0.25 0 4.161 7.454
 6 1 0.292812 -0.25 1 8.056 11.794
 6 1 0.292812 -0.25 2 12.816 16.468
 6 1 0.292812 -0.25 3 17.772 22.846
 6 1 0.292812 -0.25 4 22.784 32.416
 6 1 0.292812 -0.25 5 27.784 37.528
 6 2 0.292812 0.25 0 6.048 9.489
 6 2 0.292812 0.25 1 9.356 13.094
 6 2 0.292812 0.25 2 13.408 17.192
 6 2 0.292812 0.25 3 17.772 22.846
 6 2 0.292812 0.25 4 22.78 27.88
 6 2 0.292812 0.25 5 27.778 32.422
 6 3 0.292812 0.75 0 7.8 16.5
 6 3 0.292812 0.75 1 10.646 17.354
 6 3 0.292812 0.75 2 13.971 18.476
 6 3 0.292812 0.75 3 17.772 22.846
 6 3 0.292812 0.75 4 17.76 27.84
 6 3 0.292812 0.75 5 17.618 32.408
 7 0 0.340938 -0.75 0 -1.906 6.914
 7 0 0.340938 -0.75 1 6.116 12.524
 7 0 0.340938 -0.75 2 13.99 19.036
 7 0 0.340938 -0.75 3 22.78 27.88
 7 0 0.340938 -0.75 4 27.784 38.2
 7 0 0.340938 -0.75 5 37.376 51.996
 7 1 0.340938 -0.25 0 5.178 8.622
 7 1 0.340938 -0.25 1 9.7685 13.818
 7 1 0.340938 -0.25 2 15.376 19.332
 7 1 0.340938 -0.25 3 22.78 27.88
 7 1 0.340938 -0.25 4 27.778 32.422
 7 1 0.340938 -0.25 5 32.36 42.56
 7 2 0.340938 0.25 0 6.851 10.506
 7 2 0.340938 0.25 1 11.194 14.978
 7 2 0.340938 0.25 2 15.868 19.778
 7 2 0.340938 0.25 3 22.78 27.88
 7 2 0.340938 0.25 4 27.778 32.422
 7 2 0.340938 0.25 5 32.36 42.56
 7 3 0.340938 0.75 0 8.812 17.584
 7 3 0.340938 0.75 1 12.47 18.908
 7 3 0.340938 0.75 2 16.455 20.943
 7 3 0.340938 0.75 3 17.76 27.84
 7 3 0.340938 0.75 4 22.784 32.416
 7 3 0.340938 0.75 5 22.792 37.582
 8 0 0.389062 -0.75 0 -1.716 8.202
 8 0 0.389062 -0.75 1 7.136 14.612
 8 0 0.389062 -0.75 2 16.29 21.394
 8 0 0.389062 -0.75 3 27.778 32.422
 8 0 0.389062 -0.75 4 32.36 43.4
 8 0 0.389062 -0.75 5 42.39 57.01
 8 1 0.389062 -0.25 0 6.2615 10.0885
 8 1 0.389062 -0.25 1 11.8905 15.418
 8 1 0.389062 -0.25 2 18.151 21.806
 8 1 0.389062 -0.25 3 26.65 27.825
 8 1 0.389062 -0.25 4 32.38 37.48
 8 1 0.389062 -0.25 5 42.48 47.58
 8 2 0.389062 0.25 0 8.03 12.0675
 8 2 0.389062 0.25 1 13.082 16.568
 8 2 0.389062 0.25 2 18.558 22.298
 8 2 0.389062 0.25 3 22.78 27.88
 8 2 0.389062 0.25 4 32.38 37.48
 8 2 0.389062 0.25 5 37.308 47.574
 8 3 0.389062 0.75 0 10.044 18.6
 8 3 0.389062 0.75 1 14.226 20.829
 8 3 0.389062 0.75 2 19.15 23.6
 8 3 0.389062 0.75 3 22.78 27.88
 8 3 0.389062 0.75 4 27.784 37.528
 8 3 0.389062 0.75 5 27.792 42.582
 9 0 0.437187 -0.75 0 -0.416 9.44
 9 0 0.437187 -0.75 1 8.8 16.054
 9 0 0.437187 -0.75 2 19.013 24.028
 9 0 0.437187 -0.75 3 27.778 32.8
 9 0 0.437187 -0.75 4 37.308 48.4
 9 0 0.437187 -0.75 5 47.404 62.196
 9 1 0.437187 -0.25 0 7.15 11.5
 9 1 0.437187 -0.25 1 13.514 17.409
 9 1 0.437187 -0.25 2 20.7545 24.626
 9 1 0.437187 -0.25 3 27.778 32.422
 9 1 0.437187 -0.25 4 37.42 42.52
 9 1 0.437187 -0.25 5 47.516 52.3
 9 2 0.437187 0.25 0 9.18 13.23
 9 2 0.437187 0.25 1 14.801 18.628
 9 2 0.437187 0.25 2 21.202 24.898
 9 2 0.437187 0.25 3 27.778 32.422
 9 2 0.437187 0.25 4 37.42 42.52
 9 2 0.437187 0.25 5 42.496 51.904
 9 3 0.437187 0.75 0 11.236 20.458
 9 3 0.437187 0.75 1 15.904 23.296
 9 3 0.437187 0.75 2 21.396 26.728
 9 3 0.437187 0.75 3 27.778 32.422
 9 3 0.437187 0.75 4 32.36 42.56
 9 3 0.437187 0.75 5 37.376 51.996
 10 0 0.485312 -0.75 0 1.528 10.576
 10 0 0.485312 -0.75 1 10.981 18.036
 10 0 0.485312 -0.75 2 21.648 27.28
 10 0 0.485312 -0.75 3 32.38 37.48
 10 0 0.485312 -0.75 4 42.496 51.904
 10 0 0.485312 -0.75 5 51.84 71.39
 10 1 0.485312 -0.25 0 8.443 12.608
 10 1 0.485312 -0.25 1 15.236 19.316
 10 1 0.485312 -0.25 2 23.078 27.722
 10 1 0.485312 -0.25 3 32.38 37.48
 10 1 0.485312 -0.25 4 42.48 47.58
 10 1 0.485312 -0.25 5 51.84 62.16
 10 2 0.485312 0.25 0 10.7115 14.494
 10 2 0.485312 0.25 1 16.408 20.692
 10 2 0.485312 0.25 2 23.564 27.984
 10 2 0.485312 0.25 3 32.38 37.48
 10 2 0.485312 0.25 4 42.48 48
 10 2 0.485312 0.25 5 47.496 56.904
 10 3 0.485312 0.75 0 12.584 21.306
 10 3 0.485312 0.75 1 17.646 24.744
 10 3 0.485312 0.75 2 24.12 29.28
 10 3 0.485312 0.75 3 32.38 37.48
 10 3 0.485312 0.75 4 37.308 47.574
 10 3 0.485312 0.75 5 42.39 57.01
 11 0 0.533438 -0.75 0 2.718 12.258
 11 0 0.533438 -0.75 1 12.576 20.584
 11 0 0.533438 -0.75 2 23.99 30.01
 11 0 0.533438 -0.75 3 37.42 42.52
 11 0 0.533438 -0.75 4 47.496 56.904
 11 0 0.533438 -0.75 5 60.8 76.256
 11 1 0.533438 -0.25 0 9.46 14.244
 11 1 0.533438 -0.25 1 16.848 21.552
 11 1 0.533438 -0.25 2 25.942 30.156
 11 1 0.533438 -0.25 3 37.42 42.52
 11 1 0.533438 -0.25 4 47.516 51.884
 11 1 0.533438 -0.25 5 56.84 67.16
 11 2 0.533438 0.25 0 11.715 15.585
 11 2 0.533438 0.25 1 18.264 22.736
 11 2 0.533438 0.25 2 26.482 30.5315
 11 2 0.533438 0.25 3 37.42 42.52
 11 2 0.533438 0.25 4 47.516 51.884
 11 2 0.533438 0.25 5 56.888 62.073
 11 3 0.533438 0.75 0 13.624 22.568
 11 3 0.533438 0.75 1 19.746 26.454
 11 3 0.533438 0.75 2 27.078 31.992
 11 3 0.533438 0.75 3 32.36 42.56
 11 3 0.533438 0.75 4 42.496 51.904
 11 3 0.533438 0.75 5 47.404 62.196
 12 0 0.581562 -0.75 0 4.464 13.644
 12 0 0.581562 -0.75 1 15.202 22.77
 12 0 0.581562 -0.75 2 27.513 33
 12 0 0.581562 -0.75 3 42.48 47.58
 12 0 0.581562 -0.75 4 51.84 62.16
 12 0 0.581562 -0.75 5 66.99 81.61
 12 1 0.581562 -0.25 0 11.1185 14.986
 12 1 0.581562 -0.25 1 18.856 23.758
 12 1 0.581562 -0.25 2 28.793 33.154
 12 1 0.581562 -0.25 3 37.308 47.574
 12 1 0.581562 -0.25 4 51.82 56.92
 12 1 0.581562 -0.25 5 61.956 71.244
 12 2 0.581562 0.25 0 13.015 16.885
 12 2 0.581562 0.25 1 20.53 24.5675
 12 2 0.581562 0.25 2 29.243 33.408
 12 2 0.581562 0.25 3 37.42 42.52
 12 2 0.581562 0.25 4 51.82 57.4
 12 2 0.581562 0.25 5 61.956 71.244
 12 3 0.581562 0.75 0 14.816 23.486
 12 3 0.581562 0.75 1 21.79 28.654
 12 3 0.581562 0.75 2 29.834 35.166
 12 3 0.581562 0.75 3 37.42 42.52
 12 3 0.581562 0.75 4 47.496 56.904
 12 3 0.581562 0.75 5 51.84 67.14
 13 0 0.629687 -0.75 0 5.184 14.816
 13 0 0.629687 -0.75 1 15.984 24.216
 13 0 0.629687 -0.75 2 29.608 35.992
 13 0 0.629687 -0.75 3 42.496 51.904
 13 0 0.629687 -0.75 4 56.79 71.24
 13 0 0.629687 -0.75 5 71.074 86.544
 13 1 0.629687 -0.25 0 12.288 16.424
 13 1 0.629687 -0.25 1 21.2325 25.46
 13 1 0.629687 -0.25 2 31.227 36.412
 13 1 0.629687 -0.25 3 42.48 47.58
 13 1 0.629687 -0.25 4 56.84 67.16
 13 1 0.629687 -0.25 5 67.064 77
 13 2 0.629687 0.25 0 14.27 18.185
 13 2 0.629687 0.25 1 22.391 26.6105
 13 2 0.629687 0.25 2 31.636 36.946
 13 2 0.629687 0.25 3 42.48 47.58
 13 2 0.629687 0.25 4 56.888 62.073
 13 2 0.629687 0.25 5 67.064 76.244
 13 3 0.629687 0.75 0 15.644 24.2
 13 3 0.629687 0.75 1 23.697 30.3
 13 3 0.629687 0.75 2 32.22 38.2
 13 3 0.629687 0.75 3 42.48 47.58
 13 3 0.629687 0.75 4 51.84 62.16
 13 3 0.629687 0.75 5 56.79 71.24
 14 0 0.677813 -0.75 0 6.128 15.872
 14 0 0.677813 -0.75 1 18.165 26.62
 14 0 0.677813 -0.75 2 32.513 38.903
 14 0 0.677813 -0.75 3 47.516 51.884
 14 0 0.677813 -0.75 4 61.956 71.244
 14 0 0.677813 -0.75 5 76.162 90.438
 14 1 0.677813 -0.25 0 13.5895 17.7605
 14 1 0.677813 -0.25 1 23.124 27.735
 14 1 0.677813 -0.25 2 34.492 39.252
 14 1 0.677813 -0.25 3 47.516 51.884
 14 1 0.677813 -0.25 4 61.956 71.244
 14 1 0.677813 -0.25 5 76.176 86.546
 14 2 0.677813 0.25 0 14.927 20.112
 14 2 0.677813 0.25 1 23.92 29.2
 14 2 0.677813 0.25 2 34.96 39.536
 14 2 0.677813 0.25 3 47.516 51.884
 14 2 0.677813 0.25 4 62.013 67.087
 14 2 0.677813 0.25 5 71.176 81.546
 14 3 0.677813 0.75 0 17.1 25.7
 14 3 0.677813 0.75 1 25.302 32.612
 14 3 0.677813 0.75 2 35.527 40.895
 14 3 0.677813 0.75 3 47.516 51.884
 14 3 0.677813 0.75 4 56.84 67.16
 14 3 0.677813 0.75 5 66.99 81.61
 15 0 0.725938 -0.75 0 7.556 16.952
 15 0 0.725938 -0.75 1 20.309 27.791
 15 0 0.725938 -0.75 2 35.527 40.712
 15 0 0.725938 -0.75 3 51.82 56.92
 15 0 0.725938 -0.75 4 67.064 76.244
 15 0 0.725938 -0.75 5 86.448 95.458
 15 1 0.725938 -0.25 0 14.492 19.252
 15 1 0.725938 -0.25 1 24.785 29.515
 15 1 0.725938 -0.25 2 37.402 41.142
 15 1 0.725938 -0.25 3 51.82 56.92
 15 1 0.725938 -0.25 4 67.043 71.208
 15 1 0.725938 -0.25 5 81.448 90.458
 15 2 0.725938 0.25 0 16.378 20.968
 15 2 0.725938 0.25 1 26.106 30.543
 15 2 0.725938 0.25 2 37.852 41.592
 15 2 0.725938 0.25 3 51.82 56.92
 15 2 0.725938 0.25 4 67.043 71.208
 15 2 0.725938 0.25 5 81.413 86.487
 15 3 0.725938 0.75 0 18.358 27.1
 15 3 0.725938 0.75 1 27.411 34.2
 15 3 0.725938 0.75 2 38.4395 42.9015
 15 3 0.725938 0.75 3 51.82 56.92
 15 3 0.725938 0.75 4 61.956 71.244
 15 3 0.725938 0.75 5 71.074 86.544
