 6 8 -0.02 0.75 8 -1 1
 0 0 0.028125 -0.875 0 -8.798 -1.402
 0 0 0.028125 -0.875 1 -5.408 0.808
 0 0 0.028125 -0.875 2 -2.438 3.172
 0 0 0.028125 -0.875 3 2.913 7.987
 0 0 0.028125 -0.875 4 2.928 12.788
 0 0 0.028125 -0.875 5 2.832 17.792
 0 1 0.028125 -0.625 0 -3.348 -0.144
 0 1 0.028125 -0.625 1 -2.24 1.54
 0 1 0.028125 -0.625 2 -0.894 3.543
 0 1 0.028125 -0.625 3 -2.104 7.988
 0 1 0.028125 -0.625 4 2.913 7.987
 0 1 0.028125 -0.625 5 2.928 12.788
 0 2 0.028125 -0.375 0 -1.907 0.852
 0 2 0.028125 -0.375 1 -1.218 2.268
 0 2 0.028125 -0.375 2 -0.507 3.658
 0 2 0.028125 -0.375 3 -2.104 7.988
 0 2 0.028125 -0.375 4 2.913 7.987
 0 2 0.028125 -0.375 5 2.928 12.788
 0 3 0.028125 -0.125 0 -0.8865 1.7365
 0 3 0.028125 -0.125 1 -0.527 2.827
 0 3 0.028125 -0.125 2 -0.35 3.95
 0 3 0.028125 -0.125 3 -2.104 7.988
 0 3 0.028125 -0.125 4 -2.104 7.988
 0 3 0.028125 -0.125 5 -2.104 7.988
 0 4 0.028125 0.125 0 0 2.604
 0 4 0.028125 0.125 1 0.074 3.404
 0 4 0.028125 0.125 2 -0.0605 4.1105
 0 4 0.028125 0.125 3 -2.052 2.994
 0 4 0.028125 0.125 4 -2.104 7.988
 0 4 0.028125 0.125 5 -2.104 7.988
 0 5 0.028125 0.375 0 0.967 3.602
 0 5 0.028125 0.375 1 0.662 3.977
 0 5 0.028125 0.375 2 0.2375 4.37
 0 5 0.028125 0.375 3 -2.052 2.994
 0 5 0.028125 0.375 4 -2.104 7.988
 0 5 0.028125 0.375 5 -2.104 7.988
 0 6 0.028125 0.625 0 1.852 4.912
 0 6 0.028125 0.625 1 1.214 4.863
 0 6 0.028125 0.625 2 0.4 4.7
 0 6 0.028125 0.625 3 -2.052 2.994
 0 6 0.028125 0.625 4 -2.052 2.994
 0 6 0.028125 0.625 5 -2.104 7.988
 0 7 0.028125 0.875 0 3.128 10.784
 0 7 0.028125 0.875 1 2.108 8.644
 0 7 0.028125 0.875 2 0.841 6.259
 0 7 0.028125 0.875 3 -2.052 2.994
 0 7 0.028125 0.875 4 -7.056 2.974
 0 7 0.028125 0.875 5 -12.154 2.976
 1 0 0.124375 -0.875 0 -7.7 0.854
 1 0 0.124375 -0.875 1 -3.104 4.465
 1 0 0.124375 -0.875 2 1.708 8.168
 1 0 0.124375 -0.875 3 7.956 12.801
 1 0 0.124375 -0.875 4 7.832 22.968
 1 0 0.124375 -0.875 5 12.646 27.954
 1 1 0.124375 -0.625 0 -1.63 2.1525
 1 1 0.124375 -0.625 1 0.492 5.308
 1 1 0.124375 -0.625 2 2.948 8.452
 1 1 0.124375 -0.625 3 7.956 12.801
 1 1 0.124375 -0.625 4 7.928 17.904
 1 1 0.124375 -0.625 5 12.744 22.892
 1 2 0.124375 -0.375 0 -0.168 3.318
 1 2 0.124375 -0.375 1 1.364 5.836
 1 2 0.124375 -0.375 2 3.256 8.888
 1 2 0.124375 -0.375 3 2.928 12.788
 1 2 0.124375 -0.375 4 7.928 17.904
 1 2 0.124375 -0.375 5 7.832 22.968
 1 3 0.124375 -0.125 0 0.6765 4.034
 1 3 0.124375 -0.125 1 2.108 6.443
 1 3 0.124375 -0.125 2 3.548 9.052
 1 3 0.124375 -0.125 3 2.928 12.788
 1 3 0.124375 -0.125 4 7.928 17.904
 1 3 0.124375 -0.125 5 7.928 17.904
 1 4 0.124375 0.125 0 1.704 5.048
 1 4 0.124375 0.125 1 2.629 6.765
 1 4 0.124375 0.125 2 3.748 9.188
 1 4 0.124375 0.125 3 2.928 12.788
 1 4 0.124375 0.125 4 7.928 17.904
 1 4 0.124375 0.125 5 7.928 17.904
 1 5 0.124375 0.375 0 2.573 5.927
 1 5 0.124375 0.375 1 3.193 7.358
 1 5 0.124375 0.375 2 4.034 9.366
 1 5 0.124375 0.375 3 2.928 12.788
 1 5 0.124375 0.375 4 7.956 12.801
 1 5 0.124375 0.375 5 7.928 17.904
 1 6 0.124375 0.625 0 3.5835 7.188
 1 6 0.124375 0.625 1 3.942 8.254
 1 6 0.124375 0.625 2 4.334 9.666
 1 6 0.124375 0.625 3 2.928 12.788
 1 6 0.124375 0.625 4 2.928 12.788
 1 6 0.124375 0.625 5 2.832 17.792
 1 7 0.124375 0.875 0 5.016 12.496
 1 7 0.124375 0.875 1 4.746 11.376
 1 7 0.124375 0.875 2 4.652 10.655
 1 7 0.124375 0.875 3 -2.168 12.792
 1 7 0.124375 0.875 4 -2.168 12.792
 1 7 0.124375 0.875 5 -2.168 12.792
 2 0 0.220625 -0.875 0 -5.112 3.316
 2 0 0.220625 -0.875 1 0.083 7.802
 2 0 0.220625 -0.875 2 6.081 13.219
 2 0 0.220625 -0.875 3 12.744 22.892
 2 0 0.220625 -0.875 4 17.618 32.408
 2 0 0.220625 -0.875 5 22.61 42.62
 2 1 0.220625 -0.625 0 0.4 4.65
 2 1 0.220625 -0.625 1 3.948 8.652
 2 1 0.220625 -0.625 2 7.669 13.632
 2 1 0.220625 -0.625 3 12.713 17.846
 2 1 0.220625 -0.625 4 17.76 27.84
 2 1 0.220625 -0.625 5 22.784 33.2
 2 2 0.220625 -0.375 0 1.856 5.6385
 2 2 0.220625 -0.375 1 4.816 9.236
 2 2 0.220625 -0.375 2 8.155 13.745
 2 2 0.220625 -0.375 3 12.713 17.846
 2 2 0.220625 -0.375 4 17.76 27.84
 2 2 0.220625 -0.375 5 17.618 32.408
 2 3 0.220625 -0.125 0 3.0125 6.3125
 2 3 0.220625 -0.125 1 5.5 9.8
 2 3 0.220625 -0.125 2 8.256 14.016
 2 3 0.220625 -0.125 3 12.713 17.846
 2 3 0.220625 -0.125 4 12.744 22.892
 2 3 0.220625 -0.125 5 17.618 32.408
 2 4 0.220625 0.125 0 3.859 7.041
 2 4 0.220625 0.125 1 6.108 10.392
 2 4 0.220625 0.125 2 8.562 14.172
 2 4 0.220625 0.125 3 12.713 17.846
 2 4 0.220625 0.125 4 12.744 22.892
 2 4 0.220625 0.125 5 17.76 27.84
 2 5 0.220625 0.375 0 4.723 8.038
 2 5 0.220625 0.375 1 6.7 11
 2 5 0.220625 0.375 2 8.848 14.304
 2 5 0.220625 0.375 3 12.713 17.846
 2 5 0.220625 0.375 4 12.744 22.892
 2 5 0.220625 0.375 5 17.76 27.84
 2 6 0.220625 0.625 0 5.762 9.488
 2 6 0.220625 0.625 1 7.308 11.936
 2 6 0.220625 0.625 2 9.148 14.78
 2 6 0.220625 0.625 3 12.713 17.846
 2 6 0.220625 0.625 4 12.744 22.892
 2 6 0.220625 0.625 5 12.646 27.954
 2 7 0.220625 0.875 0 7.144 15.049
 2 7 0.220625 0.875 1 8.056 15.026
 2 7 0.220625 0.875 2 9.411 15.616
 2 7 0.220625 0.875 3 7.928 17.904
 2 7 0.220625 0.875 4 7.832 22.968
 2 7 0.220625 0.875 5 7.832 22.968
 3 0 0.316875 -0.875 0 -3.086 5.788
 3 0 0.316875 -0.875 1 4.122 11.691
 3 0 0.316875 -0.875 2 11.395 18.62
 3 0 0.316875 -0.875 3 17.76 27.84
 3 0 0.316875 -0.875 4 27.784 38.2
 3 0 0.316875 -0.875 5 32.34 51.89
 3 1 0.316875 -0.625 0 2.693 6.907
 3 1 0.316875 -0.625 1 7.141 12.559
 3 1 0.316875 -0.625 2 12.532 19.068
 3 1 0.316875 -0.625 3 17.76 27.84
 3 1 0.316875 -0.625 4 27.784 37.528
 3 1 0.316875 -0.625 5 32.36 42.56
 3 2 0.316875 -0.375 0 4.168 7.906
 3 2 0.316875 -0.375 1 8.013 13.087
 3 2 0.316875 -0.375 2 12.838 19.189
 3 2 0.316875 -0.375 3 17.76 27.84
 3 2 0.316875 -0.375 4 22.784 32.416
 3 2 0.316875 -0.375 5 32.36 42.56
 3 3 0.316875 -0.125 0 5.178 8.622
 3 3 0.316875 -0.125 1 8.742 13.815
 3 3 0.316875 -0.125 2 13.132 19.396
 3 3 0.316875 -0.125 3 17.76 27.84
 3 3 0.316875 -0.125 4 22.784 32.416
 3 3 0.316875 -0.125 5 27.792 42.582
 3 4 0.316875 0.125 0 6.056 9.644
 3 4 0.316875 0.125 1 9.364 14.294
 3 4 0.316875 0.125 2 13.397 19.645
 3 4 0.316875 0.125 3 17.76 27.84
 3 4 0.316875 0.125 4 22.784 32.416
 3 4 0.316875 0.125 5 27.792 42.582
 3 5 0.316875 0.375 0 6.851 10.506
 3 5 0.316875 0.375 1 10.085 14.98
 3 5 0.316875 0.375 2 13.65 19.81
 3 5 0.316875 0.375 3 17.76 27.84
 3 5 0.316875 0.375 4 22.784 32.416
 3 5 0.316875 0.375 5 27.784 37.528
 3 6 0.316875 0.625 0 7.843 12.057
 3 6 0.316875 0.625 1 10.664 15.594
 3 6 0.316875 0.625 2 13.976 20.096
 3 6 0.316875 0.625 3 17.76 27.84
 3 6 0.316875 0.625 4 22.784 32.416
 3 6 0.316875 0.625 5 22.792 37.582
 3 7 0.316875 0.875 0 9.1 17.6
 3 7 0.316875 0.875 1 11.602 18.912
 3 7 0.316875 0.875 2 14.246 20.954
 3 7 0.316875 0.875 3 17.772 22.846
 3 7 0.316875 0.875 4 17.618 32.408
 3 7 0.316875 0.875 5 17.61 37.62
 4 0 0.413125 -0.875 0 -1.63 7.83
 4 0 0.413125 -0.875 1 7.17 15.442
 4 0 0.413125 -0.875 2 16.316 23.884
 4 0 0.413125 -0.875 3 27.778 32.8
 4 0 0.413125 -0.875 4 37.308 48.4
 4 0 0.413125 -0.875 5 42.38 62.16
 4 1 0.413125 -0.625 0 4.9965 9.3525
 4 1 0.413125 -0.625 1 10.658 15.994
 4 1 0.413125 -0.625 2 17.811 24.089
 4 1 0.413125 -0.625 3 27.778 32.422
 4 1 0.413125 -0.625 4 32.26 47.56
 4 1 0.413125 -0.625 5 42.39 57.01
 4 2 0.413125 -0.375 0 6.284 10.364
 4 2 0.413125 -0.375 1 11.892 16.876
 4 2 0.413125 -0.375 2 18.111 24.316
 4 2 0.413125 -0.375 3 27.778 32.422
 4 2 0.413125 -0.375 4 32.36 42.56
 4 2 0.413125 -0.375 5 42.496 52.8
 4 3 0.413125 -0.125 0 7.15 11.5
 4 3 0.413125 -0.125 1 12.485 17.435
 4 3 0.413125 -0.125 2 18.397 24.645
 4 3 0.413125 -0.125 3 27.4 32.422
 4 3 0.413125 -0.125 4 32.36 42.56
 4 3 0.413125 -0.125 5 42.496 51.904
 4 4 0.413125 0.125 0 8 12.35
 4 4 0.413125 0.125 1 13.036 17.908
 4 4 0.413125 0.125 2 18.584 24.789
 4 4 0.413125 0.125 3 22.784 32.416
 4 4 0.413125 0.125 4 32.36 42.56
 4 4 0.413125 0.125 5 37.376 51.996
 4 5 0.413125 0.375 0 9.035 13.215
 4 5 0.413125 0.375 1 13.62 18.625
 4 5 0.413125 0.375 2 18.868 24.903
 4 5 0.413125 0.375 3 22.784 32.416
 4 5 0.413125 0.375 4 32.36 42.56
 4 5 0.413125 0.375 5 37.376 51.996
 4 6 0.413125 0.625 0 10.05 14.35
 4 6 0.413125 0.625 1 14.224 19.32
 4 6 0.413125 0.625 2 19.168 25.203
 4 6 0.413125 0.625 3 22.784 32.416
 4 6 0.413125 0.625 4 32.36 42.56
 4 6 0.413125 0.625 5 37.376 51.996
 4 7 0.413125 0.875 0 11.528 20.472
 4 7 0.413125 0.875 1 15.164 23.342
 4 7 0.413125 0.875 2 19.415 26.719
 4 7 0.413125 0.875 3 22.784 32.416
 4 7 0.413125 0.875 4 27.792 42.582
 4 7 0.413125 0.875 5 27.61 47.62
 5 0 0.509375 -0.875 0 1.528 10.992
 5 0 0.509375 -0.875 1 10.979 19.321
 5 0 0.509375 -0.875 2 21.665 29.93
 5 0 0.509375 -0.875 3 32.36 42.56
 5 0 0.509375 -0.875 4 42.39 57.01
 5 0 0.509375 -0.875 5 56.84 76.39
 5 1 0.509375 -0.625 0 6.96 12.18
 5 1 0.509375 -0.625 1 14.66 20.54
 5 1 0.509375 -0.625 2 22.696 30.004
 5 1 0.509375 -0.625 3 32.36 42.56
 5 1 0.509375 -0.625 4 42.39 57.01
 5 1 0.509375 -0.625 5 51.84 67.14
 5 2 0.509375 -0.375 0 8.448 13.208
 5 2 0.509375 -0.375 1 15.252 21.117
 5 2 0.509375 -0.375 2 23.067 30.195
 5 2 0.509375 -0.375 3 32.36 42.56
 5 2 0.509375 -0.375 4 42.496 51.904
 5 2 0.509375 -0.375 5 51.84 67.14
 5 3 0.509375 -0.125 0 9.316 14.23
 5 3 0.509375 -0.125 1 15.776 21.556
 5 3 0.509375 -0.125 2 23.26 30.14
 5 3 0.509375 -0.125 3 32.36 42.56
 5 3 0.509375 -0.125 4 42.496 51.904
 5 3 0.509375 -0.125 5 51.84 67.14
 5 4 0.509375 0.125 0 10.722 14.6745
 5 4 0.509375 0.125 1 16.369 22.131
 5 4 0.509375 0.125 2 23.546 30.566
 5 4 0.509375 0.125 3 32.36 42.56
 5 4 0.509375 0.125 4 42.496 51.904
 5 4 0.509375 0.125 5 51.84 62.16
 5 5 0.509375 0.375 0 11.436 15.5745
 5 5 0.509375 0.375 1 16.969 22.731
 5 5 0.509375 0.375 2 23.846 30.554
 5 5 0.509375 0.375 3 32.36 42.56
 5 5 0.509375 0.375 4 42.496 51.904
 5 5 0.509375 0.375 5 47.404 62.196
 5 6 0.509375 0.625 0 12.592 16.708
 5 6 0.509375 0.625 1 17.697 23.732
 5 6 0.509375 0.625 2 24.146 30.854
 5 6 0.509375 0.625 3 32.36 42.56
 5 6 0.509375 0.625 4 37.376 51.996
 5 6 0.509375 0.625 5 47.404 62.196
 5 7 0.509375 0.875 0 13.812 22.584
 5 7 0.509375 0.875 1 18.734 26.477
 5 7 0.509375 0.875 2 24.572 31.964
 5 7 0.509375 0.875 3 32.38 37.48
 5 7 0.509375 0.875 4 37.376 51.996
 5 7 0.509375 0.875 5 42.38 62.16
 6 0 0.605625 -0.875 0 4.464 13.86
 6 0 0.605625 -0.875 1 15.188 23.714
 6 0 0.605625 -0.875 2 27.479 35.724
 6 0 0.605625 -0.875 3 42.496 51.904
 6 0 0.605625 -0.875 4 51.84 71.39
 6 0 0.605625 -0.875 5 67.075 86.65
 6 1 0.605625 -0.625 0 9.315 14.796
 6 1 0.605625 -0.625 1 17.844 24.208
 6 1 0.605625 -0.625 2 28.252 35.996
 6 1 0.605625 -0.625 3 42.48 47.58
 6 1 0.605625 -0.625 4 51.84 67.14
 6 1 0.605625 -0.625 5 66.99 81.61
 6 2 0.605625 -0.375 0 11.15 15.55
 6 2 0.605625 -0.375 1 18.868 25.045
 6 2 0.605625 -0.375 2 28.812 36.466
 6 2 0.605625 -0.375 3 37.308 47.574
 6 2 0.605625 -0.375 4 51.84 67.14
 6 2 0.605625 -0.375 5 61.976 77.6
 6 3 0.605625 -0.125 0 12 16.45
 6 3 0.605625 -0.125 1 19.752 25.422
 6 3 0.605625 -0.125 2 29.096 36.491
 6 3 0.605625 -0.125 3 37.308 47.574
 6 3 0.605625 -0.125 4 51.84 62.16
 6 3 0.605625 -0.125 5 61.976 76.256
 6 4 0.605625 0.125 0 13 17.3
 6 4 0.605625 0.125 1 20.528 26.138
 6 4 0.605625 0.125 2 29.202 36.598
 6 4 0.605625 0.125 3 37.308 47.574
 6 4 0.605625 0.125 4 51.84 62.16
 6 4 0.605625 0.125 5 61.976 76.256
 6 5 0.605625 0.375 0 13.9 18.2
 6 5 0.605625 0.375 1 21.055 26.58
 6 5 0.605625 0.375 2 29.33 36.898
 6 5 0.605625 0.375 3 37.308 47.574
 6 5 0.605625 0.375 4 51.84 62.16
 6 5 0.605625 0.375 5 61.976 76.256
 6 6 0.605625 0.625 0 14.82 19.98
 6 6 0.605625 0.625 1 21.82 27.452
 6 6 0.605625 0.625 2 29.802 37.198
 6 6 0.605625 0.625 3 37.308 47.574
 6 6 0.605625 0.625 4 47.404 62.196
 6 6 0.605625 0.625 5 56.79 71.24
 6 7 0.605625 0.875 0 15.916 24.1
 6 7 0.605625 0.875 1 22.692 30.4
 6 7 0.605625 0.875 2 29.85 38.22
 6 7 0.605625 0.875 3 37.308 47.574
 6 7 0.605625 0.875 4 47.404 62.196
 6 7 0.605625 0.875 5 51.84 71.39
 7 0 0.701875 -0.875 0 6.048 15.444
 7 0 0.701875 -0.875 1 18.2 26.9
 7 0 0.701875 -0.875 2 32.464 40.472
 7 0 0.701875 -0.875 3 47.496 56.904
 7 0 0.701875 -0.875 4 61.976 76.256
 7 0 0.701875 -0.875 5 81.348 95.452
 7 1 0.701875 -0.625 0 12.278 16.868
 7 1 0.701875 -0.625 1 22.404 27.759
 7 1 0.701875 -0.625 2 33.664 40.719
 7 1 0.701875 -0.625 3 47.496 56.904
 7 1 0.701875 -0.625 4 61.976 76.256
 7 1 0.701875 -0.625 5 76.162 90.438
 7 2 0.701875 -0.375 0 13.5895 17.906
 7 2 0.701875 -0.375 1 23.069 28.965
 7 2 0.701875 -0.375 2 34.5 40.875
 7 2 0.701875 -0.375 3 47.496 56.904
 7 2 0.701875 -0.375 4 61.956 71.244
 7 2 0.701875 -0.375 5 76.162 90.438
 7 3 0.701875 -0.125 0 14.5895 19.1
 7 3 0.701875 -0.125 1 23.762 29.504
 7 3 0.701875 -0.125 2 34.8 41.175
 7 3 0.701875 -0.125 3 47.496 56.904
 7 3 0.701875 -0.125 4 61.956 71.244
 7 3 0.701875 -0.125 5 76.162 90.438
 7 4 0.701875 0.125 0 14.913 19.987
 7 4 0.701875 0.125 1 23.904 30.24
 7 4 0.701875 0.125 2 34.938 41.289
 7 4 0.701875 0.125 3 47.496 56.904
 7 4 0.701875 0.125 4 61.956 71.244
 7 4 0.701875 0.125 5 76.176 86.546
 7 5 0.701875 0.375 0 15.928 21.001
 7 5 0.701875 0.375 1 24.49 30.51
 7 5 0.701875 0.375 2 35.218 41.582
 7 5 0.701875 0.375 3 47.496 56.904
 7 5 0.701875 0.375 4 61.956 71.244
 7 5 0.701875 0.375 5 71.074 86.544
 7 6 0.701875 0.625 0 17.12 22.28
 7 6 0.701875 0.625 1 25.332 31.524
 7 6 0.701875 0.625 2 35.518 41.882
 7 6 0.701875 0.625 3 47.496 56.904
 7 6 0.701875 0.625 4 56.79 71.24
 7 6 0.701875 0.625 5 71.074 86.544
 7 7 0.701875 0.875 0 18.41 26.4
 7 7 0.701875 0.875 1 26.381 34.1
 7 7 0.701875 0.875 2 35.946 42.888
 7 7 0.701875 0.875 3 47.516 52.3
 7 7 0.701875 0.875 4 56.84 68
 7 7 0.701875 0.875 5 66.99 81.61
